******************Parametres initiaux***********************
Points do we try before stepping :N_TRIES=1
Iterations for each T :ITERS_FIXED_T=1
Step size in random walk :STEP_SIZE=200.000000
Boltzmann constant :K=1.000000
Initial temperature :T_INITIAL=1.000000
Damping factor for temperature MU_T=1.002000
Minimal Temperature T_MIN=5.000000e-01
Initial state :3.10	64.01	20.69	46.24	
*************************************************************
#-iter  #-evals   temperature     position   energy
    0         2             1  [ 12.23  73.13  14.64  30.59  56.15  13.26 ]        0.171827      0.039598
    1         3      0.998004  [ 15.25  76.16  8.59  34.09  59.64  6.27 ]        0.210718      0.039598
    2         4      0.996012  [ 18.05  78.96  2.99  19.80  45.36  34.84 ]        0.262337      0.039598
    3         5      0.994024  [ 13.10  74.01  12.89  30.98  56.53  12.49 ]        0.183848      0.039598
    4         6       0.99204  [ 9.38  70.29  20.33  22.27  47.83  29.90 ]        0.151321      0.039598
    5         7       0.99006  [ 17.00  77.91  5.08  21.88  47.44  30.68 ]        0.271529      0.039598
    6         8      0.988084  [ 15.36  76.27  8.37  22.41  47.97  29.62 ]        0.218496      0.039598
    7         9      0.986111  [ 8.97  69.88  21.15  27.52  53.07  19.41 ]        0.128693      0.039598
    8        10      0.984143  [ 15.81  76.72  7.47  29.84  55.39  14.77 ]        0.215668      0.039598
    9        11      0.982179  [ 11.56  72.47  15.97  36.45  62.00  1.55 ]        0.142128      0.039598
   10        12      0.980218  [ 13.10  74.01  12.89  26.05  51.61  22.34 ]        0.192333      0.039598
   11        13      0.978262  [ 18.86  79.77  1.38  19.19  44.74  36.07 ]        0.250316      0.039598
   12        14      0.976309  [ 0.94  61.84  37.22  24.25  49.81  25.94 ]       0.0113137     0.0113137
   13        15       0.97436  [ 10.58  71.49  17.92  5.38  30.94  63.67 ]         0.14425     0.0113137
   14        16      0.972416  [ 5.38  66.29  28.34  28.23  53.78  17.99 ]       0.0671751     0.0113137
   15        17      0.970475  [ 9.75  70.66  19.59  16.45  42.00  41.55 ]         0.14425     0.0113137
   16        18      0.968538  [ 1.23  62.14  36.62  30.98  56.53  12.49 ]       0.0190919     0.0113137
   17        19      0.966604  [ 2.75  63.66  33.58  31.74  57.29  10.97 ]       0.0381838     0.0113137
   18        20      0.964675  [ 1.74  62.65  35.62  31.89  57.44  10.67 ]       0.0275772     0.0113137
   19        21      0.962749  [ 4.31  65.21  30.48  11.28  36.84  51.88 ]       0.0636396     0.0113137
   20        22      0.960828  [ 18.60  79.51  1.88  22.46  48.02  29.52 ]        0.252437     0.0113137
   21        23       0.95891  [ 13.31  74.22  12.48  10.29  35.84  53.87 ]        0.192333     0.0113137
   22        24      0.956996  [ 10.63  71.54  17.82  36.31  61.87  1.82 ]        0.148492     0.0113137
   23        25      0.955086  [ 3.82  64.73  31.46  32.19  57.74  10.07 ]       0.0459619     0.0113137
   24        26      0.953179  [ 3.92  64.83  31.25  13.47  39.03  47.50 ]       0.0558614     0.0113137
   25        27      0.951277  [ 0.47  61.38  38.16  6.52  32.08  61.40 ]      0.00919239    0.00919239
   26        28      0.949378  [ 7.63  68.54  23.84  15.63  41.18  43.19 ]        0.118794    0.00919239
   27        29      0.947483  [ 18.79  79.69  1.52  6.29  31.85  61.86 ]        0.251023    0.00919239
   28        30      0.945592  [ 13.86  74.77  11.37  11.89  37.44  50.67 ]        0.178898    0.00919239
   29        31      0.943705  [ 2.12  63.03  34.84  32.12  57.68  10.20 ]       0.0311127    0.00919239
   30        32      0.941821  [ 2.12  63.03  34.84  32.12  57.68  10.20 ]       0.0311127    0.00919239
   31        33      0.939941  [ 7.27  68.18  24.55  31.98  57.54  10.48 ]        0.100409    0.00919239
   32        34      0.938065  [ 15.62  76.53  7.85  20.77  46.33  32.90 ]        0.199404    0.00919239
   33        35      0.936193  [ 6.57  67.48  25.94  1.41  26.97  71.63 ]       0.0756604    0.00919239
   34        36      0.934324  [ 19.38  80.29  0.33  33.93  59.49  6.58 ]        0.276479    0.00919239
   35        37      0.932459  [ 5.88  66.79  27.32  21.61  47.17  31.22 ]       0.0806102    0.00919239
   36        38      0.930598  [ 11.35  72.26  16.39  12.50  38.05  49.45 ]         0.16122    0.00919239
   37        39       0.92874  [ 9.20  70.11  20.69  29.75  55.31  14.94 ]        0.123037    0.00919239
   38        40      0.926887  [ 13.18  74.09  12.73  4.86  30.42  64.72 ]        0.187383    0.00919239
   39        41      0.925036  [ 12.99  73.90  13.12  6.54  32.09  61.37 ]        0.189505    0.00919239
   40        42       0.92319  [ 4.63  65.54  29.83  22.26  47.82  29.93 ]       0.0629325    0.00919239
   41        43      0.921347  [ 4.63  65.54  29.83  22.26  47.82  29.93 ]       0.0629325    0.00919239
   42        44      0.919508  [ 10.92  71.83  17.26  36.03  61.58  2.39 ]        0.149907    0.00919239
   43        45      0.917673  [ 4.94  65.85  29.22  19.58  45.14  35.29 ]       0.0707107    0.00919239
   44        46      0.915841  [ 15.30  76.21  8.49  28.84  54.39  16.77 ]         0.22486    0.00919239
   45        47      0.914013  [ 12.27  73.18  14.54  25.30  50.85  23.85 ]         0.16617    0.00919239
   46        48      0.912189  [ 13.21  74.12  12.67  10.27  35.83  53.90 ]        0.191626    0.00919239
   47        49      0.910368  [ 14.54  75.45  10.01  8.33  33.89  57.78 ]        0.207889    0.00919239
   48        50      0.908551  [ 13.71  74.62  11.68  25.04  50.59  24.37 ]        0.183848    0.00919239
   49        51      0.906738  [ 11.12  72.02  16.86  7.04  32.59  60.37 ]        0.144957    0.00919239
   50        52      0.904928  [ 4.02  64.93  31.04  31.88  57.44  10.68 ]       0.0537401    0.00919239
   51        53      0.903122  [ 6.07  66.98  26.95  28.39  53.95  17.66 ]       0.0749533    0.00919239
   52        54      0.901319  [ 10.06  70.97  18.96  26.20  51.76  22.04 ]        0.140714    0.00919239
   53        55       0.89952  [ 1.46  62.37  36.17  12.24  37.80  49.96 ]       0.0240416    0.00919239
   54        56      0.897724  [ 14.59  75.50  9.92  23.77  49.33  26.89 ]        0.220617    0.00919239
   55        57      0.895933  [ 7.76  68.67  23.57  27.68  53.23  19.09 ]         0.10748    0.00919239
   56        58      0.894144  [ 10.95  71.86  17.18  20.80  46.36  32.85 ]        0.156271    0.00919239
   57        59       0.89236  [ 1.23  62.14  36.63  30.04  55.59  14.37 ]       0.0155563    0.00919239
   58        60      0.890578  [ 6.99  67.90  25.10  33.44  58.99  7.57 ]       0.0933381    0.00919239
   59        61      0.888801  [ 18.38  79.29  2.33  9.18  34.74  56.08 ]        0.252437    0.00919239
   60        62      0.887027  [ 15.94  76.85  7.22  14.98  40.53  44.49 ]        0.231224    0.00919239
   61        63      0.885256  [ 15.81  76.72  7.47  35.60  61.16  3.24 ]        0.210718    0.00919239
   62        64      0.883489  [ 4.04  64.95  31.01  31.21  56.76  12.03 ]       0.0523259    0.00919239
   63        65      0.881726  [ 17.39  78.29  4.32  21.26  46.82  31.92 ]        0.257387    0.00919239
   64        66      0.879966  [ 14.66  75.57  9.77  23.50  49.06  27.43 ]        0.222032    0.00919239
   65        67      0.878209  [ 15.84  76.75  7.41  17.99  43.55  38.46 ]        0.210011    0.00919239
   66        68      0.876457  [ 18.54  79.45  2.00  23.11  48.66  28.23 ]         0.25173    0.00919239
   67        69      0.874707  [ 17.56  78.46  3.98  26.26  51.82  21.92 ]        0.243952    0.00919239
   68        70      0.872961  [ 4.84  65.75  29.41  29.24  54.80  15.97 ]       0.0608112    0.00919239
   69        71      0.871219  [ 13.79  74.70  11.52  2.45  28.01  69.54 ]        0.204354    0.00919239
   70        72       0.86948  [ 6.24  67.15  26.62  5.85  31.41  62.74 ]       0.0919239    0.00919239
   71        73      0.867744  [ 6.43  67.34  26.23  12.48  38.03  49.49 ]       0.0799031    0.00919239
   72        74      0.866012  [ 13.61  74.52  11.87  22.10  47.66  30.25 ]        0.199404    0.00919239
   73        75      0.864284  [ 0.94  61.85  37.22  17.18  42.73  40.09 ]       0.0120208    0.00919239
   74        76      0.862559  [ 11.69  72.60  15.70  35.65  61.21  3.13 ]        0.159099    0.00919239
   75        77      0.860837  [ 18.78  79.69  1.53  8.77  34.33  56.89 ]         0.25173    0.00919239
   76        78      0.859119  [ 13.99  74.90  11.10  35.72  61.28  3.00 ]         0.21496    0.00919239
   77        79      0.857404  [ 12.86  73.77  13.36  30.89  56.45  12.66 ]        0.173948    0.00919239
   78        80      0.855692  [ 7.40  68.31  24.29  2.98  28.54  68.48 ]         0.10253    0.00919239
   79        81      0.853985  [ 6.80  67.71  25.50  7.78  33.34  58.89 ]        0.115258    0.00919239
   80        82       0.85228  [ 10.93  71.84  17.22  28.95  54.50  16.55 ]        0.136472    0.00919239
   81        83      0.850579  [ 2.51  63.42  34.08  35.49  61.05  3.46 ]       0.0339411    0.00919239
   82        84      0.848881  [ 8.62  69.53  21.85  8.34  33.90  57.76 ]        0.119501    0.00919239
   83        85      0.847187  [ 6.36  67.27  26.37  35.22  60.78  4.00 ]        0.104652    0.00919239
   84        86      0.845496  [ 6.08  66.99  26.93  29.33  54.88  15.79 ]       0.0763675    0.00919239
   85        87      0.843808  [ 12.05  72.96  14.99  12.14  37.69  50.17 ]        0.159806    0.00919239
   86        88      0.842124  [ 5.23  66.14  28.63  23.02  48.58  28.40 ]       0.0615183    0.00919239
   87        89      0.840443  [ 4.49  65.40  30.11  11.06  36.62  52.32 ]       0.0579828    0.00919239
   88        90      0.838765  [ 0.83  61.74  37.42  2.18  27.74  70.08 ]       0.0148492    0.00919239
   89        91      0.837091  [ 5.13  66.03  28.84  1.43  26.99  71.58 ]        0.079196    0.00919239
   90        92       0.83542  [ 14.74  75.65  9.62  25.45  51.00  23.55 ]        0.218496    0.00919239
   91        93      0.833753  [ 11.85  72.76  15.40  34.23  59.78  5.99 ]        0.188798    0.00919239
   92        94      0.832089  [ 0.42  61.33  38.26  23.79  49.35  26.87 ]      0.00777817    0.00777817
   93        95      0.830428  [ 0.42  61.33  38.26  23.79  49.35  26.87 ]      0.00777817    0.00777817
   94        96       0.82877  [ 0.42  61.33  38.26  23.79  49.35  26.87 ]      0.00777817    0.00777817
   95        97      0.827116  [ 4.97  65.88  29.16  20.64  46.20  33.16 ]       0.0714178    0.00777817
   96        98      0.825465  [ 2.66  63.57  33.77  12.40  37.95  49.65 ]       0.0438406    0.00777817
   97        99      0.823817  [ 4.72  65.62  29.66  17.02  42.58  40.39 ]       0.0700036    0.00777817
   98       100      0.822173  [ 16.33  77.24  6.44  32.66  58.22  9.11 ]        0.236174    0.00777817
   99       101      0.820532  [ 13.76  74.67  11.57  9.82  35.38  54.79 ]        0.204354    0.00777817
  100       102      0.818894  [ 7.22  68.13  24.64  4.22  29.78  66.00 ]        0.104652    0.00777817
  101       103       0.81726  [ 7.94  68.85  23.21  5.17  30.73  64.10 ]       0.0940452    0.00777817
  102       104      0.815629  [ 15.91  76.82  7.26  8.40  33.96  57.64 ]        0.239002    0.00777817
  103       105      0.814001  [ 10.96  71.87  17.18  27.59  53.15  19.26 ]        0.147078    0.00777817
  104       106      0.812376  [ 14.34  75.25  10.41  16.22  41.77  42.01 ]        0.207182    0.00777817
  105       107      0.810754  [ 12.94  73.85  13.20  36.23  61.79  1.97 ]        0.187383    0.00777817
  106       108      0.809136  [ 14.43  75.34  10.23  13.24  38.80  47.96 ]        0.205061    0.00777817
  107       109      0.807521  [ 16.57  77.48  5.94  24.33  49.89  25.77 ]        0.246073    0.00777817
  108       110      0.805909  [ 6.05  66.96  26.99  21.25  46.81  31.95 ]       0.0890955    0.00777817
  109       111      0.804301  [ 17.70  78.61  3.68  1.10  26.66  72.25 ]        0.280721    0.00777817
  110       112      0.802695  [ 1.95  62.85  35.20  23.71  49.27  27.02 ]       0.0268701    0.00777817
  111       113      0.801093  [ 8.04  68.95  23.01  1.11  26.67  72.22 ]        0.121622    0.00777817
  112       114      0.799494  [ 12.23  73.13  14.64  31.65  57.21  11.14 ]        0.185262    0.00777817
  113       115      0.797898  [ 1.26  62.17  36.56  23.05  48.60  28.35 ]       0.0155563    0.00777817
  114       116      0.796306  [ 16.63  77.54  5.83  6.21  31.77  62.02 ]         0.21991    0.00777817
  115       117      0.794716  [ 3.20  64.11  32.69  2.58  28.14  69.28 ]       0.0438406    0.00777817
  116       118       0.79313  [ 11.20  72.11  16.69  6.71  32.27  61.02 ]        0.168999    0.00777817
  117       119      0.791547  [ 14.20  75.11  10.69  32.28  57.84  9.88 ]        0.206475    0.00777817
  118       120      0.789967  [ 11.13  72.04  16.84  23.38  48.94  27.68 ]        0.146371    0.00777817
  119       121       0.78839  [ 4.66  65.57  29.77  5.87  31.43  62.70 ]       0.0742462    0.00777817
  120       122      0.786816  [ 7.99  68.90  23.11  19.46  45.02  35.52 ]        0.111016    0.00777817
  121       123      0.785246  [ 12.43  73.34  14.23  1.30  26.86  71.84 ]        0.168999    0.00777817
  122       124      0.783679  [ 17.11  78.02  4.87  26.21  51.76  22.03 ]        0.270115    0.00777817
  123       125      0.782114  [ 10.70  71.61  17.69  31.30  56.86  11.84 ]        0.171827    0.00777817
  124       126      0.780553  [ 11.61  72.52  15.88  7.63  33.19  59.18 ]        0.154856    0.00777817
  125       127      0.778995  [ 1.00  61.91  37.09  16.10  41.66  42.24 ]       0.0155563    0.00777817
  126       128       0.77744  [ 10.86  71.76  17.38  32.34  57.90  9.76 ]        0.146371    0.00777817
  127       129      0.775889  [ 13.53  74.44  12.03  7.59  33.15  59.26 ]        0.210718    0.00777817
  128       130       0.77434  [ 11.00  71.91  17.09  9.95  35.51  54.54 ]        0.147078    0.00777817
  129       131      0.772794  [ 17.28  78.19  4.52  21.63  47.18  31.19 ]         0.22486    0.00777817
  130       132      0.771252  [ 13.20  74.11  12.70  12.52  38.08  49.40 ]        0.191626    0.00777817
  131       133      0.769712  [ 13.59  74.50  11.91  28.57  54.13  17.30 ]        0.192333    0.00777817
  132       134      0.768176  [ 0.21  61.12  38.68  16.27  41.83  41.90 ]      0.00282843    0.00282843
  133       135      0.766643  [ 12.12  73.02  14.86  2.38  27.94  69.69 ]        0.183848    0.00282843
  134       136      0.765113  [ 11.60  72.51  15.89  27.99  53.55  18.46 ]        0.159806    0.00282843
  135       137      0.763585  [ 13.51  74.42  12.08  23.70  49.26  27.04 ]        0.196576    0.00282843
  136       138      0.762061  [ 1.60  62.51  35.89  24.98  50.54  24.48 ]        0.019799    0.00282843
  137       139       0.76054  [ 0.07  60.98  38.94  27.60  53.16  19.24 ]      0.00141421    0.00141421
  138       140      0.759022  [ 0.07  60.98  38.94  27.60  53.16  19.24 ]      0.00141421    0.00141421
  139       141      0.757507  [ 6.32  67.23  26.45  12.18  37.74  50.07 ]       0.0982878    0.00141421
  140       142      0.755995  [ 10.71  71.62  17.66  13.85  39.41  46.74 ]        0.147078    0.00141421
  141       143      0.754486  [ 15.28  76.19  8.53  22.68  48.24  29.08 ]        0.214253    0.00141421
  142       144       0.75298  [ 17.49  78.40  4.11  6.01  31.56  62.43 ]        0.228395    0.00141421
  143       145      0.751477  [ 2.54  63.45  34.01  18.10  43.66  38.24 ]       0.0388909    0.00141421
  144       146      0.749977  [ 9.22  70.13  20.65  29.67  55.23  15.10 ]        0.124451    0.00141421
  145       147       0.74848  [ 11.09  72.00  16.91  19.49  45.05  35.46 ]        0.155563    0.00141421
  146       148      0.746986  [ 14.34  75.25  10.41  15.93  41.48  42.59 ]        0.212839    0.00141421
  147       149      0.745495  [ 3.95  64.86  31.20  14.01  39.57  46.43 ]        0.053033    0.00141421
  148       150      0.744007  [ 7.37  68.28  24.35  23.89  49.44  26.67 ]        0.103238    0.00141421
  149       151      0.742522  [ 15.65  76.56  7.79  20.78  46.34  32.88 ]        0.226981    0.00141421
  150       152       0.74104  [ 9.26  70.17  20.58  7.67  33.23  59.10 ]        0.137179    0.00141421
  151       153      0.739561  [ 10.62  71.53  17.84  2.36  27.91  69.73 ]        0.150614    0.00141421
  152       154      0.738085  [ 13.46  74.37  12.17  12.14  37.69  50.17 ]        0.186676    0.00141421
  153       155      0.736612  [ 18.49  79.40  2.11  4.55  30.11  65.34 ]         0.26163    0.00141421
  154       156      0.735141  [ 13.66  74.56  11.78  36.27  61.83  1.90 ]        0.186676    0.00141421
  155       157      0.733674  [ 2.23  63.14  34.62  4.24  29.79  65.97 ]       0.0282843    0.00141421
  156       158       0.73221  [ 9.66  70.56  19.78  33.41  58.97  7.62 ]        0.129401    0.00141421
  157       159      0.730748  [ 3.94  64.85  31.21  34.32  59.88  5.80 ]       0.0537401    0.00141421
  158       160       0.72929  [ 3.94  64.85  31.21  34.32  59.88  5.80 ]       0.0537401    0.00141421
  159       161      0.727834  [ 6.56  67.47  25.97  6.42  31.98  61.61 ]       0.0947523    0.00141421
  160       162      0.726381  [ 16.85  77.76  5.38  29.87  55.43  14.69 ]        0.218496    0.00141421
  161       163      0.724931  [ 17.92  78.83  3.25  5.25  30.81  63.95 ]        0.289207    0.00141421
  162       164      0.723484  [ 3.25  64.16  32.59  2.65  28.21  69.14 ]       0.0572756    0.00141421
  163       165       0.72204  [ 16.97  77.88  5.15  0.99  26.55  72.46 ]        0.239709    0.00141421
  164       166      0.720599  [ 12.71  73.62  13.67  6.72  32.28  61.00 ]        0.181019    0.00141421
  165       167      0.719161  [ 13.60  74.51  11.89  8.58  34.13  57.29 ]        0.187383    0.00141421
  166       168      0.717725  [ 8.14  69.05  22.80  16.28  41.84  41.88 ]        0.103238    0.00141421
  167       169      0.716293  [ 8.14  69.05  22.80  16.28  41.84  41.88 ]        0.103238    0.00141421
  168       170      0.714863  [ 11.63  72.54  15.83  4.10  29.66  66.25 ]         0.17112    0.00141421
  169       171      0.713436  [ 6.26  67.17  26.57  6.11  31.67  62.22 ]       0.0799031    0.00141421
  170       172      0.712012  [ 8.07  68.98  22.94  12.37  37.93  49.70 ]        0.106066    0.00141421
  171       173      0.710591  [ 18.49  79.40  2.11  25.19  50.75  24.06 ]        0.272943    0.00141421
  172       174      0.709173  [ 16.03  76.94  7.03  1.69  27.24  71.07 ]        0.213546    0.00141421
  173       175      0.707757  [ 0.81  61.71  37.48  0.45  26.01  73.53 ]       0.0120208    0.00141421
  174       176      0.706344  [ 12.11  73.02  14.88  37.19  62.74  0.07 ]        0.185262    0.00141421
  175       177      0.704934  [ 11.01  71.92  17.07  2.85  28.41  68.75 ]        0.156978    0.00141421
  176       178      0.703527  [ 2.45  63.36  34.20  29.49  55.05  15.46 ]       0.0374767    0.00141421
  177       179      0.702123  [ 14.36  75.27  10.37  12.58  38.14  49.28 ]        0.212839    0.00141421
  178       180      0.700722  [ 18.50  79.41  2.09  16.59  42.14  41.27 ]        0.262337    0.00141421
  179       181      0.699323  [ 11.54  72.44  16.02  35.36  60.92  3.72 ]        0.165463    0.00141421
  180       182      0.697927  [ 9.05  69.96  21.00  36.29  61.85  1.86 ]        0.113137    0.00141421
  181       183      0.696534  [ 17.52  78.43  4.05  8.17  33.73  58.10 ]         0.25668    0.00141421
  182       184      0.695144  [ 0.64  61.55  37.81  2.53  28.09  69.38 ]      0.00494975    0.00141421
  183       185      0.693756  [ 7.81  68.72  23.47  27.95  53.51  18.54 ]        0.111723    0.00141421
  184       186      0.692372  [ 13.41  74.32  12.27  22.49  48.04  29.47 ]        0.200818    0.00141421
  185       187       0.69099  [ 10.19  71.10  18.72  25.38  50.94  23.68 ]          0.1393    0.00141421
  186       188       0.68961  [ 12.63  73.53  13.84  11.06  36.62  52.31 ]        0.181726    0.00141421
  187       189      0.688234  [ 7.44  68.35  24.20  16.93  42.49  40.58 ]       0.0841457    0.00141421
  188       190       0.68686  [ 11.46  72.37  16.18  13.56  39.11  47.33 ]        0.154856    0.00141421
  189       191      0.685489  [ 11.38  72.29  16.33  13.95  39.51  46.54 ]          0.1492    0.00141421
  190       192      0.684121  [ 7.62  68.53  23.86  4.48  30.04  65.49 ]        0.108894    0.00141421
  191       193      0.682755  [ 2.96  63.87  33.18  9.21  34.77  56.02 ]       0.0445477    0.00141421
  192       194      0.681393  [ 15.70  76.61  7.69  28.79  54.35  16.87 ]        0.208597    0.00141421
  193       195      0.680033  [ 15.32  76.23  8.45  19.42  44.98  35.59 ]        0.234759    0.00141421
  194       196      0.678675  [ 9.51  70.42  20.08  26.22  51.78  22.00 ]        0.123744    0.00141421
  195       197      0.677321  [ 13.10  74.01  12.88  8.81  34.37  56.81 ]        0.181726    0.00141421
  196       198      0.675969  [ 5.90  66.81  27.29  27.48  53.04  19.49 ]       0.0933381    0.00141421
  197       199      0.674619  [ 7.07  67.98  24.96  19.95  45.51  34.54 ]       0.0975807    0.00141421
  198       200      0.673273  [ 4.26  65.16  30.58  11.09  36.65  52.25 ]       0.0586899    0.00141421
  199       201      0.671929  [ 2.21  63.12  34.67  5.28  30.84  63.88 ]       0.0367696    0.00141421
  200       202      0.670588  [ 12.42  73.33  14.25  31.61  57.16  11.23 ]        0.168291    0.00141421
  201       203      0.669249  [ 1.51  62.41  36.08  26.86  52.42  20.72 ]       0.0127279    0.00141421
  202       204      0.667914  [ 5.95  66.85  27.20  24.85  50.40  24.75 ]       0.0855599    0.00141421
  203       205       0.66658  [ 6.01  66.92  27.07  2.91  28.47  68.62 ]       0.0763675    0.00141421
  204       206       0.66525  [ 7.04  67.95  25.02  37.13  62.69  0.18 ]       0.0905097    0.00141421
  205       207      0.663922  [ 11.35  72.26  16.38  16.79  42.35  40.86 ]        0.168999    0.00141421
  206       208      0.662597  [ 11.15  72.05  16.80  35.25  60.80  3.95 ]        0.168291    0.00141421
  207       209      0.661274  [ 1.35  62.26  36.39  9.26  34.82  55.92 ]       0.0169706    0.00141421
  208       210      0.659954  [ 5.79  66.69  27.52  5.92  31.48  62.60 ]       0.0848528    0.00141421
  209       211      0.658637  [ 13.09  74.00  12.90  3.26  28.82  67.92 ]        0.177484    0.00141421
  210       212      0.657322  [ 14.99  75.89  9.12  18.81  44.36  36.83 ]        0.202233    0.00141421
  211       213       0.65601  [ 19.27  80.18  0.55  35.30  60.86  3.84 ]        0.281428    0.00141421
  212       214      0.654701  [ 16.55  77.46  5.99  31.58  57.13  11.29 ]        0.255973    0.00141421
  213       215      0.653394  [ 7.50  68.41  24.09  23.74  49.30  26.96 ]         0.10253    0.00141421
  214       216       0.65209  [ 4.48  65.39  30.12  33.86  59.41  6.73 ]        0.053033    0.00141421
  215       217      0.650789  [ 4.48  65.39  30.12  33.86  59.41  6.73 ]        0.053033    0.00141421
  216       218       0.64949  [ 1.03  61.94  37.04  12.56  38.12  49.32 ]       0.0162635    0.00141421
  217       219      0.648193  [ 1.03  61.94  37.04  12.56  38.12  49.32 ]       0.0162635    0.00141421
  218       220      0.646899  [ 1.03  61.94  37.04  12.56  38.12  49.32 ]       0.0162635    0.00141421
  219       221      0.645608  [ 5.67  66.58  27.74  14.90  40.46  44.63 ]       0.0820244    0.00141421
  220       222      0.644319  [ 8.26  69.17  22.57  26.33  51.88  21.79 ]        0.122329    0.00141421
  221       223      0.643033  [ 1.78  62.69  35.53  17.05  42.61  40.34 ]       0.0212132    0.00141421
  222       224       0.64175  [ 1.33  62.24  36.44  5.53  31.09  63.38 ]       0.0155563    0.00141421
  223       225      0.640469  [ 6.08  66.99  26.92  11.76  37.32  50.92 ]       0.0749533    0.00141421
  224       226      0.639191  [ 6.08  66.99  26.92  11.76  37.32  50.92 ]       0.0749533    0.00141421
  225       227      0.637915  [ 0.66  61.57  37.78  10.41  35.97  53.62 ]       0.0120208    0.00141421
  226       228      0.636641  [ 0.66  61.57  37.78  10.41  35.97  53.62 ]       0.0120208    0.00141421
  227       229      0.635371  [ 3.85  64.76  31.39  29.38  54.94  15.68 ]       0.0403051    0.00141421
  228       230      0.634103  [ 4.69  65.60  29.71  24.61  50.17  25.22 ]        0.066468    0.00141421
  229       231      0.632837  [ 0.08  60.99  38.93  24.36  49.92  25.72 ]      0.00141421    0.00141421
  230       232      0.631574  [ 16.50  77.41  6.09  30.13  55.69  14.18 ]        0.232638    0.00141421
  231       233      0.630313  [ 12.39  73.30  14.31  17.01  42.57  40.41 ]        0.167584    0.00141421
  232       234      0.629055  [ 12.37  73.28  14.34  0.23  25.78  73.99 ]        0.173948    0.00141421
  233       235      0.627799  [ 12.37  73.28  14.34  0.23  25.78  73.99 ]        0.173948    0.00141421
  234       236      0.626546  [ 18.67  79.58  1.76  9.85  35.40  54.75 ]         0.27365    0.00141421
  235       237      0.625296  [ 12.24  73.15  14.61  26.65  52.21  21.14 ]        0.170413    0.00141421
  236       238      0.624048  [ 5.11  66.02  28.88  12.35  37.91  49.74 ]        0.066468    0.00141421
  237       239      0.622802  [ 5.11  66.02  28.88  12.35  37.91  49.74 ]        0.066468    0.00141421
  238       240      0.621559  [ 4.78  65.69  29.52  0.49  26.04  73.47 ]       0.0608112    0.00141421
  239       241      0.620318  [ 9.39  70.30  20.31  11.20  36.75  52.05 ]        0.140007    0.00141421
  240       242       0.61908  [ 10.41  71.32  18.28  21.57  47.13  31.31 ]        0.149907    0.00141421
  241       243      0.617844  [ 18.95  79.86  1.19  25.80  51.36  22.84 ]        0.293449    0.00141421
  242       244      0.616611  [ 14.12  75.03  10.85  8.63  34.19  57.18 ]        0.200111    0.00141421
  243       245       0.61538  [ 6.83  67.74  25.42  12.93  38.48  48.59 ]       0.0933381    0.00141421
  244       246      0.614152  [ 16.21  77.12  6.67  27.13  52.69  20.18 ]        0.249609    0.00141421
  245       247      0.612926  [ 18.86  79.77  1.37  4.64  30.20  65.17 ]        0.266579    0.00141421
  246       248      0.611703  [ 10.30  71.21  18.49  4.69  30.24  65.07 ]        0.131522    0.00141421
  247       249      0.610482  [ 14.70  75.61  9.70  12.36  37.92  49.71 ]        0.225567    0.00141421
  248       250      0.609263  [ 15.35  76.26  8.39  29.90  55.45  14.65 ]        0.239709    0.00141421
  249       251      0.608047  [ 15.03  75.94  9.04  17.16  42.72  40.11 ]        0.212132    0.00141421
  250       252      0.606834  [ 8.88  69.79  21.33  28.51  54.07  17.42 ]        0.127986    0.00141421
  251       253      0.605622  [ 7.91  68.82  23.26  0.91  26.46  72.63 ]        0.103945    0.00141421
  252       254      0.604414  [ 4.54  65.45  30.00  8.34  33.90  57.77 ]       0.0650538    0.00141421
  253       255      0.603207  [ 11.15  72.06  16.78  31.24  56.79  11.97 ]        0.164756    0.00141421
  254       256      0.602003  [ 14.77  75.68  9.55  5.92  31.47  62.61 ]         0.19799    0.00141421
  255       257      0.600802  [ 17.66  78.57  3.76  7.53  33.08  59.39 ]        0.251023    0.00141421
  256       258      0.599602  [ 7.26  68.17  24.58  32.90  58.46  8.64 ]        0.106066    0.00141421
  257       259      0.598405  [ 16.14  77.05  6.81  35.01  60.57  4.43 ]        0.226274    0.00141421
  258       260      0.597211  [ 16.12  77.03  6.86  22.90  48.46  28.64 ]        0.216375    0.00141421
  259       261      0.596019  [ 10.47  71.38  18.14  8.24  33.79  57.97 ]        0.136472    0.00141421
  260       262      0.594829  [ 9.71  70.62  19.66  26.67  52.22  21.11 ]         0.14425    0.00141421
  261       263      0.593642  [ 6.79  67.70  25.51  7.00  32.56  60.44 ]       0.0989949    0.00141421
  262       264      0.592457  [ 12.62  73.53  13.86  27.65  53.21  19.14 ]        0.179605    0.00141421
  263       265      0.591275  [ 17.58  78.49  3.93  28.93  54.49  16.58 ]        0.236881    0.00141421
  264       266      0.590094  [ 9.93  70.84  19.22  11.91  37.47  50.62 ]        0.138593    0.00141421
  265       267      0.588917  [ 10.94  71.85  17.21  1.36  26.92  71.72 ]        0.166877    0.00141421
  266       268      0.587741  [ 11.86  72.77  15.37  5.27  30.82  63.91 ]         0.17607    0.00141421
  267       269      0.586568  [ 18.90  79.81  1.29  7.10  32.66  60.24 ]        0.268701    0.00141421
  268       270      0.585397  [ 18.74  79.65  1.61  12.18  37.74  50.09 ]        0.270115    0.00141421
  269       271      0.584229  [ 3.22  64.13  32.65  4.36  29.92  65.72 ]       0.0417193    0.00141421
  270       272      0.583063  [ 3.22  64.13  32.65  4.36  29.92  65.72 ]       0.0417193    0.00141421
  271       273      0.581899  [ 9.84  70.75  19.42  31.68  57.23  11.09 ]        0.131522    0.00141421
  272       274      0.580737  [ 9.84  70.75  19.42  31.68  57.23  11.09 ]        0.131522    0.00141421
  273       275      0.579578  [ 3.72  64.63  31.66  18.21  43.77  38.02 ]       0.0586899    0.00141421
  274       276      0.578421  [ 11.72  72.63  15.65  24.84  50.40  24.76 ]        0.166877    0.00141421
  275       277      0.577267  [ 10.72  71.63  17.65  4.86  30.41  64.73 ]        0.169706    0.00141421
  276       278      0.576115  [ 14.91  75.82  9.28  18.02  43.57  38.41 ]        0.216375    0.00141421
  277       279      0.574965  [ 17.44  78.35  4.22  33.54  59.10  7.36 ]        0.243952    0.00141421
  278       280      0.573817  [ 13.87  74.78  11.36  12.87  38.43  48.70 ]        0.176777    0.00141421
  279       281      0.572672  [ 17.86  78.77  3.37  26.76  52.32  20.92 ]        0.263044    0.00141421
  280       282      0.571529  [ 13.94  74.85  11.20  4.57  30.12  65.31 ]        0.191626    0.00141421
  281       283      0.570388  [ 7.85  68.76  23.39  0.83  26.39  72.78 ]        0.113137    0.00141421
  282       284      0.569249  [ 11.72  72.63  15.65  2.06  27.62  70.33 ]        0.152735    0.00141421
  283       285      0.568113  [ 10.66  71.57  17.77  23.71  49.27  27.02 ]        0.148492    0.00141421
  284       286      0.566979  [ 1.97  62.88  35.15  2.46  28.02  69.51 ]       0.0289914    0.00141421
  285       287      0.565847  [ 4.86  65.76  29.38  6.92  32.47  60.61 ]       0.0551543    0.00141421
  286       288      0.564718  [ 9.17  70.08  20.75  11.62  37.17  51.21 ]        0.137886    0.00141421
  287       289      0.563591  [ 6.71  67.61  25.68  29.56  55.12  15.32 ]       0.0890955    0.00141421
  288       290      0.562466  [ 17.87  78.78  3.35  31.99  57.55  10.46 ]        0.253851    0.00141421
  289       291      0.561343  [ 12.22  73.13  14.65  34.76  60.32  4.92 ]        0.167584    0.00141421
  290       292      0.560223  [ 10.18  71.09  18.73  12.17  37.73  50.10 ]        0.136472    0.00141421
  291       293      0.559105  [ 1.16  62.07  36.77  15.80  41.35  42.85 ]       0.0190919    0.00141421
  292       294      0.557989  [ 9.75  70.65  19.60  9.29  34.85  55.85 ]        0.130815    0.00141421
  293       295      0.556875  [ 11.14  72.05  16.80  3.97  29.53  66.51 ]        0.173948    0.00141421
  294       296      0.555763  [ 1.74  62.65  35.60  27.55  53.11  19.34 ]       0.0254558    0.00141421
  295       297      0.554654  [ 5.69  66.60  27.71  18.32  43.88  37.79 ]       0.0777817    0.00141421
  296       298      0.553547  [ 10.97  71.88  17.15  9.75  35.31  54.94 ]        0.154856    0.00141421
  297       299      0.552442  [ 4.84  65.75  29.42  20.20  45.76  34.04 ]       0.0629325    0.00141421
  298       300      0.551339  [ 4.84  65.75  29.42  20.20  45.76  34.04 ]       0.0629325    0.00141421
  299       301      0.550239  [ 5.42  66.33  28.26  6.57  32.13  61.31 ]       0.0756604    0.00141421
  300       302      0.549141  [ 12.97  73.88  13.15  9.47  35.03  55.51 ]        0.193747    0.00141421
  301       303      0.548044  [ 1.03  61.94  37.03  27.07  52.62  20.31 ]       0.0183848    0.00141421
  302       304      0.546951  [ 19.04  79.95  1.00  25.33  50.89  23.78 ]        0.282136    0.00141421
  303       305      0.545859  [ 3.86  64.77  31.37  5.99  31.55  62.46 ]       0.0608112    0.00141421
  304       306      0.544769  [ 13.20  74.11  12.69  36.50  62.06  1.44 ]        0.189505    0.00141421
  305       307      0.543682  [ 0.12  61.03  38.86  11.64  37.20  51.15 ]      0.00212132    0.00141421
  306       308      0.542597  [ 12.12  73.03  14.86  17.58  43.14  39.27 ]        0.181019    0.00141421
  307       309      0.541514  [ 9.31  70.22  20.46  16.43  41.98  41.59 ]        0.116673    0.00141421
  308       310      0.540433  [ 6.50  67.41  26.09  15.15  40.70  44.15 ]       0.0989949    0.00141421
  309       311      0.539354  [ 8.86  69.77  21.37  22.90  48.45  28.65 ]        0.123744    0.00141421
  310       312      0.538278  [ 15.98  76.89  7.14  20.18  45.74  34.08 ]        0.241831    0.00141421
  311       313      0.537203  [ 3.88  64.79  31.33  4.70  30.26  65.03 ]       0.0502046    0.00141421
  312       314      0.536131  [ 14.27  75.18  10.55  17.30  42.86  39.84 ]        0.200818    0.00141421
  313       315      0.535061  [ 16.77  77.68  5.55  19.64  45.20  35.16 ]        0.237588    0.00141421
  314       316      0.533993  [ 12.48  73.39  14.14  19.47  45.03  35.49 ]        0.161927    0.00141421
  315       317      0.532927  [ 4.83  65.74  29.43  30.06  55.61  14.33 ]        0.079196    0.00141421
  316       318      0.531863  [ 5.86  66.77  27.38  27.13  52.69  20.18 ]        0.079196    0.00141421
  317       319      0.530802  [ 1.73  62.64  35.63  3.79  29.34  66.87 ]       0.0304056    0.00141421
  318       320      0.529742  [ 5.99  66.90  27.10  28.73  54.29  16.98 ]        0.092631    0.00141421
  319       321      0.528685  [ 10.05  70.96  18.99  0.59  26.15  73.26 ]        0.141421    0.00141421
  320       322       0.52763  [ 0.45  61.36  38.19  8.81  34.37  56.82 ]      0.00282843    0.00141421
  321       323      0.526576  [ 0.45  61.36  38.19  8.81  34.37  56.82 ]      0.00282843    0.00141421
  322       324      0.525525  [ 9.91  70.81  19.28  5.43  30.99  63.58 ]        0.140714    0.00141421
  323       325      0.524476  [ 15.14  76.05  8.81  9.94  35.50  54.55 ]        0.214253    0.00141421
  324       326       0.52343  [ 0.14  61.05  38.82  31.42  56.98  11.59 ]      0.00282843    0.00141421
  325       327      0.522385  [ 0.14  61.05  38.82  31.42  56.98  11.59 ]      0.00282843    0.00141421
  326       328      0.521342  [ 17.95  78.86  3.19  13.17  38.73  48.10 ]        0.239709    0.00141421
  327       329      0.520301  [ 6.95  67.86  25.19  12.68  38.23  49.09 ]       0.0947523    0.00141421
  328       330      0.519263  [ 7.23  68.14  24.63  22.36  47.92  29.72 ]        0.110309    0.00141421
  329       331      0.518226  [ 7.00  67.91  25.09  31.80  57.36  10.84 ]       0.0883883    0.00141421
  330       332      0.517192  [ 10.53  71.44  18.03  13.22  38.77  48.01 ]        0.138593    0.00141421
  331       333       0.51616  [ 9.96  70.87  19.18  21.80  47.36  30.83 ]        0.122329    0.00141421
  332       334       0.51513  [ 4.57  65.47  29.96  25.59  51.15  23.26 ]        0.072832    0.00141421
  333       335      0.514101  [ 0.14  61.05  38.82  20.80  46.36  32.84 ]      0.00282843    0.00141421
  334       336      0.513075  [ 8.56  69.46  21.98  14.97  40.52  44.51 ]        0.130815    0.00141421
  335       337      0.512051  [ 3.67  64.58  31.75  36.34  61.89  1.77 ]       0.0544472    0.00141421
  336       338      0.511029  [ 10.16  71.07  18.77  6.18  31.74  62.08 ]          0.1492    0.00141421
  337       339      0.510009  [ 8.23  69.14  22.63  30.34  55.89  13.77 ]        0.122329    0.00141421
  338       340      0.508991  [ 4.21  65.12  30.67  9.88  35.43  54.69 ]       0.0622254    0.00141421
  339       341      0.507975  [ 3.93  64.84  31.23  6.84  32.40  60.76 ]       0.0601041    0.00141421
  340       342      0.506961  [ 6.78  67.69  25.52  16.28  41.83  41.89 ]       0.0933381    0.00141421
  341       343      0.505949  [ 15.52  76.43  8.04  10.38  35.94  53.68 ]        0.197283    0.00141421
  342       344      0.504939  [ 11.58  72.49  15.94  5.23  30.78  63.99 ]        0.182434    0.00141421
  343       345      0.503932  [ 3.30  64.21  32.50  31.83  57.39  10.78 ]       0.0367696    0.00141421
  344       346      0.502926  [ 10.46  71.36  18.18  26.26  51.82  21.92 ]        0.127279    0.00141421
  345       347      0.501922  [ 18.06  78.97  2.97  21.64  47.20  31.16 ]        0.271529    0.00141421
  346       348       0.50092  [ 6.28  67.19  26.54  18.18  43.74  38.07 ]       0.0799031    0.00141421
