******************Parametres initiaux***********************
Points do we try before stepping :N_TRIES=1
Iterations for each T :ITERS_FIXED_T=1
Step size in random walk :STEP_SIZE=200.000000
Boltzmann constant :K=1.000000
Initial temperature :T_INITIAL=1.000000
Damping factor for temperature MU_T=1.002000
Minimal Temperature T_MIN=5.000000e-01
Initial state :47.17	13.85	46.21	38.33	
*************************************************************
#-iter  #-evals   temperature     position   energy
    0         2             1  [ 62.76  29.45  7.78  27.50  19.63  52.87 ]         0.87752      0.659731
    1         3      0.998004  [ 38.82  5.51  55.67  32.37  24.49  43.14 ]        0.559321      0.559321
    2         4      0.996012  [ 36.18  2.87  60.95  38.33  30.45  31.22 ]        0.514067      0.514067
    3         5      0.994024  [ 51.62  18.30  30.08  26.83  18.95  54.22 ]        0.744583      0.514067
    4         6       0.99204  [ 45.58  12.26  42.16  47.71  39.84  12.45 ]         0.63781      0.514067
    5         7       0.99006  [ 52.05  18.73  29.22  9.48  1.60  88.92 ]        0.722663      0.514067
    6         8      0.988084  [ 58.01  24.70  17.29  43.93  36.06  20.01 ]        0.826608      0.514067
    7         9      0.986111  [ 64.83  31.52  3.64  26.88  19.01  54.11 ]         0.91641      0.514067
    8        10      0.984143  [ 45.49  12.17  42.34  33.08  25.21  41.71 ]        0.659731      0.514067
    9        11      0.982179  [ 37.35  4.03  58.62  14.91  7.03  78.06 ]         0.52538      0.514067
   10        12      0.980218  [ 38.56  5.25  56.19  12.38  4.51  83.11 ]        0.569221      0.514067
   11        13      0.978262  [ 52.58  19.26  28.16  45.56  37.69  16.75 ]        0.726199      0.514067
   12        14      0.976309  [ 62.46  29.14  8.40  17.96  10.09  71.95 ]        0.892369      0.514067
   13        15       0.97436  [ 38.37  5.05  56.58  34.23  26.35  39.42 ]        0.553665      0.514067
   14        16      0.972416  [ 35.67  2.36  61.97  19.99  12.12  67.89 ]        0.515481      0.514067
   15        17      0.970475  [ 44.37  11.06  44.57  43.60  35.73  20.66 ]        0.621547      0.514067
   16        18      0.968538  [ 57.16  23.85  18.99  13.29  5.41  81.30 ]        0.796909      0.514067
   17        19      0.966604  [ 45.16  11.85  42.99  19.85  11.97  68.18 ]        0.632861      0.514067
   18        20      0.964675  [ 41.08  7.77  51.15  53.18  45.31  1.52 ]         0.57912      0.514067
   19        21      0.962749  [ 49.64  16.33  34.03  30.71  22.83  46.46 ]        0.692258      0.514067
   20        22      0.960828  [ 60.74  27.43  11.83  51.82  43.95  4.23 ]        0.849942      0.514067
   21        23       0.95891  [ 60.05  26.74  13.21  35.26  27.39  37.35 ]        0.828729      0.514067
   22        24      0.956996  [ 64.38  31.06  4.56  31.79  23.91  44.30 ]        0.919946      0.514067
   23        25      0.955086  [ 64.40  31.09  4.51  31.66  23.79  44.55 ]        0.902268      0.514067
   24        26      0.953179  [ 36.02  2.71  61.27  9.96  2.09  87.95 ]        0.488611      0.488611
   25        27      0.951277  [ 42.39  9.07  48.54  37.42  29.54  33.04 ]        0.566393      0.488611
   26        28      0.949378  [ 62.89  29.57  7.54  13.91  6.04  80.05 ]         0.87752      0.488611
   27        29      0.947483  [ 42.27  8.95  48.78  8.99  1.11  89.90 ]         0.59397      0.488611
   28        30      0.945592  [ 39.41  6.10  54.49  52.08  44.21  3.71 ]        0.560029      0.488611
   29        31      0.943705  [ 42.61  9.30  48.09  52.32  44.45  3.23 ]        0.577706      0.488611
   30        32      0.941821  [ 42.91  9.59  47.50  43.46  35.59  20.95 ]        0.608112      0.488611
   31        33      0.939941  [ 41.03  7.71  51.26  21.39  13.51  65.10 ]        0.566393      0.488611
   32        34      0.938065  [ 46.87  13.56  39.57  15.51  7.64  76.85 ]        0.671044      0.488611
   33        35      0.936193  [ 62.54  29.23  8.23  38.24  30.37  31.39 ]        0.881055      0.488611
   34        36      0.934324  [ 36.00  2.68  61.32  34.74  26.87  38.39 ]        0.485782      0.485782
   35        37      0.932459  [ 50.25  16.94  32.82  19.36  11.48  69.16 ]        0.709935      0.485782
   36        38      0.930598  [ 61.47  28.15  10.38  9.29  1.41  89.30 ]        0.860549      0.485782
   37        39       0.92874  [ 47.94  14.63  37.43  45.40  37.52  17.08 ]        0.676701      0.485782
   38        40      0.926887  [ 61.90  28.59  9.51  46.11  38.24  15.65 ]        0.859842      0.485782
   39        41      0.925036  [ 43.94  10.63  45.43  11.42  3.54  85.04 ]        0.634275      0.485782
   40        42       0.92319  [ 59.02  25.71  15.27  36.08  28.21  35.71 ]        0.830143      0.485782
   41        43      0.921347  [ 56.38  23.07  20.55  8.51  0.63  90.86 ]        0.789838      0.485782
   42        44      0.919508  [ 47.03  13.72  39.25  21.73  13.85  64.42 ]        0.681651      0.485782
   43        45      0.917673  [ 50.98  17.66  31.36  10.07  2.20  87.73 ]        0.722663      0.485782
   44        46      0.915841  [ 65.90  32.58  1.52  29.04  21.17  49.79 ]        0.924189      0.485782
   45        47      0.914013  [ 46.91  13.60  39.49  21.63  13.75  64.62 ]        0.638517      0.485782
   46        48      0.912189  [ 62.89  29.57  7.54  34.02  26.15  39.83 ]        0.902975      0.485782
   47        49      0.910368  [ 59.70  26.38  13.92  53.56  45.68  0.76 ]        0.859135      0.485782
   48        50      0.908551  [ 41.18  7.87  50.95  46.62  38.75  14.63 ]        0.586192      0.485782
   49        51      0.906738  [ 40.66  7.35  51.99  18.70  10.83  70.47 ]          0.5671      0.485782
   50        52      0.904928  [ 47.62  14.31  38.06  20.95  13.08  65.98 ]        0.684479      0.485782
   51        53      0.903122  [ 44.15  10.84  45.01  17.69  9.81  72.50 ]        0.649124      0.485782
   52        54      0.901319  [ 61.03  27.72  11.25  16.22  8.35  75.42 ]        0.850649      0.485782
   53        55       0.89952  [ 35.62  2.31  62.07  44.50  36.62  18.88 ]        0.495682      0.485782
   54        56      0.897724  [ 42.80  9.49  47.71  13.00  5.13  81.87 ]        0.590434      0.485782
   55        57      0.895933  [ 66.61  33.30  0.09  26.48  18.60  54.92 ]        0.930553      0.485782
   56        58      0.894144  [ 62.76  29.44  7.80  16.76  8.89  74.35 ]        0.901561      0.485782
   57        59       0.89236  [ 38.93  5.61  55.46  24.57  16.70  58.74 ]        0.568514      0.485782
   58        60      0.890578  [ 62.67  29.36  7.97  34.96  27.08  37.96 ]        0.890247      0.485782
   59        61      0.888801  [ 50.76  17.44  31.80  50.03  42.16  7.81 ]        0.720542      0.485782
   60        62      0.887027  [ 63.83  30.51  5.66  41.40  33.53  25.06 ]        0.943988      0.485782
   61        63      0.885256  [ 61.60  28.29  10.10  45.64  37.76  16.60 ]        0.865499      0.485782
   62        64      0.883489  [ 42.75  9.44  47.80  39.31  31.43  29.26 ]        0.581949      0.485782
   63        65      0.881726  [ 42.75  9.44  47.80  39.31  31.43  29.26 ]        0.581949      0.485782
   64        66      0.879966  [ 42.75  9.44  47.80  39.31  31.43  29.26 ]        0.581949      0.485782
   65        67      0.878209  [ 57.83  24.51  17.66  51.71  43.84  4.46 ]        0.807516      0.485782
   66        68      0.876457  [ 51.28  17.97  30.76  36.69  28.81  34.50 ]        0.733977      0.485782
   67        69      0.874707  [ 35.27  1.96  62.77  33.61  25.73  40.66 ]        0.545886      0.485782
   68        70      0.872961  [ 47.33  14.02  38.65  35.15  27.28  37.57 ]        0.659024      0.485782
   69        71      0.871219  [ 64.37  31.06  4.57  47.19  39.32  13.49 ]        0.881055      0.485782
   70        72       0.86948  [ 51.64  18.33  30.02  22.13  14.25  63.62 ]        0.725492      0.485782
   71        73      0.867744  [ 60.00  26.69  13.31  26.60  18.72  54.68 ]        0.869034      0.485782
   72        74      0.866012  [ 66.49  33.17  0.34  53.61  45.73  0.66 ]        0.953887      0.485782
   73        75      0.864284  [ 46.25  12.94  40.81  32.83  24.96  42.22 ]        0.661145      0.485782
   74        76      0.862559  [ 47.47  14.15  38.38  17.16  9.28  73.56 ]         0.67953      0.485782
   75        77      0.860837  [ 40.28  6.96  52.76  46.09  38.21  15.70 ]        0.558614      0.485782
   76        78      0.859119  [ 45.57  12.26  42.17  38.37  30.49  31.14 ]         0.66963      0.485782
   77        79      0.857404  [ 66.06  32.74  1.20  51.38  43.50  5.12 ]        0.917117      0.485782
   78        80      0.855692  [ 42.62  9.31  48.06  10.25  2.37  87.38 ]         0.59397      0.485782
   79        81      0.853985  [ 42.62  9.31  48.06  10.25  2.37  87.38 ]         0.59397      0.485782
   80        82       0.85228  [ 36.96  3.64  59.40  48.69  40.81  10.50 ]         0.53033      0.485782
   81        83      0.850579  [ 38.14  4.83  57.03  12.34  4.46  83.20 ]        0.510531      0.485782
   82        84      0.848881  [ 42.28  8.96  48.76  8.01  0.14  91.85 ]          0.5671      0.485782
   83        85      0.847187  [ 61.99  28.68  9.33  30.16  22.29  47.55 ]        0.869034      0.485782
   84        86      0.845496  [ 66.49  33.18  0.32  28.34  20.46  51.20 ]        0.936209      0.485782
   85        87      0.843808  [ 58.12  24.81  17.07  19.46  11.58  68.96 ]        0.816708      0.485782
   86        88      0.842124  [ 57.16  23.85  18.99  32.47  24.59  42.94 ]        0.789838      0.485782
   87        89      0.840443  [ 45.87  12.55  41.58  14.33  6.46  79.21 ]        0.649124      0.485782
   88        90      0.838765  [ 53.03  19.72  27.26  9.19  1.32  89.49 ]        0.757311      0.485782
   89        91      0.837091  [ 63.20  29.89  6.91  28.35  20.47  51.18 ]        0.902268      0.485782
   90        92       0.83542  [ 40.32  7.00  52.68  53.62  45.74  0.64 ]        0.583363      0.485782
   91        93      0.833753  [ 49.25  15.93  34.82  45.36  37.49  17.15 ]        0.695793      0.485782
   92        94      0.832089  [ 36.75  3.43  59.82  26.24  18.36  55.40 ]        0.518309      0.485782
   93        95      0.830428  [ 42.85  9.53  47.62  40.05  32.17  27.78 ]        0.596798      0.485782
   94        96       0.82877  [ 44.81  11.50  43.69  53.78  45.90  0.32 ]        0.609526      0.485782
   95        97      0.827116  [ 41.98  8.67  49.36  8.23  0.36  91.41 ]        0.603162      0.485782
   96        98      0.825465  [ 61.26  27.94  10.80  34.98  27.11  37.90 ]        0.875398      0.485782
   97        99      0.823817  [ 52.20  18.89  28.91  32.63  24.76  42.62 ]        0.744583      0.485782
   98       100      0.822173  [ 42.75  9.43  47.82  35.97  28.10  35.93 ]        0.613769      0.485782
   99       101      0.820532  [ 63.49  30.17  6.34  8.57  0.70  90.73 ]         0.92136      0.485782
  100       102      0.818894  [ 59.75  26.44  13.82  50.76  42.89  6.36 ]        0.832265      0.485782
  101       103       0.81726  [ 59.75  26.44  13.82  50.76  42.89  6.36 ]        0.832265      0.485782
  102       104      0.815629  [ 33.71  0.39  65.90  35.77  27.90  36.33 ]        0.493561      0.485782
  103       105      0.814001  [ 43.22  9.91  46.88  38.07  30.20  31.73 ]        0.618718      0.485782
  104       106      0.812376  [ 40.96  7.64  51.40  24.44  16.57  58.99 ]        0.581242      0.485782
  105       107      0.810754  [ 41.92  8.60  49.48  52.89  45.02  2.09 ]        0.600334      0.485782
  106       108      0.809136  [ 49.27  15.96  34.77  42.59  34.71  22.70 ]        0.685894      0.485782
  107       109      0.807521  [ 49.27  15.96  34.77  42.59  34.71  22.70 ]        0.685894      0.485782
  108       110      0.805909  [ 57.72  24.41  17.87  30.29  22.42  47.29 ]         0.83085      0.485782
  109       111      0.804301  [ 46.10  12.79  41.11  31.14  23.26  45.60 ]        0.659024      0.485782
  110       112      0.802695  [ 52.03  18.72  29.25  25.07  17.20  57.72 ]         0.73327      0.485782
  111       113      0.801093  [ 52.03  18.72  29.25  25.07  17.20  57.72 ]         0.73327      0.485782
  112       114      0.799494  [ 62.22  28.90  8.88  10.71  2.84  86.45 ]        0.880348      0.485782
  113       115      0.797898  [ 35.04  1.73  63.23  28.75  20.88  50.37 ]        0.514067      0.485782
  114       116      0.796306  [ 42.65  9.34  48.01  45.04  37.16  17.80 ]        0.573464      0.485782
  115       117      0.794716  [ 38.97  5.66  55.37  22.84  14.96  62.20 ]        0.567807      0.485782
  116       118       0.79313  [ 45.10  11.78  43.12  33.58  25.71  40.71 ]        0.650538      0.485782
  117       119      0.791547  [ 45.10  11.78  43.12  33.58  25.71  40.71 ]        0.650538      0.485782
  118       120      0.789967  [ 36.18  2.86  60.96  10.31  2.44  87.24 ]         0.49851      0.485782
  119       121       0.78839  [ 38.45  5.13  56.42  42.33  34.45  23.22 ]        0.523259      0.485782
  120       122      0.786816  [ 35.24  1.93  62.83  30.59  22.71  46.70 ]        0.484368      0.484368
  121       123      0.785246  [ 35.24  1.93  62.83  30.59  22.71  46.70 ]        0.484368      0.484368
  122       124      0.783679  [ 56.00  22.68  21.32  30.48  22.61  46.91 ]        0.779939      0.484368
  123       125      0.782114  [ 46.32  13.01  40.67  36.94  29.06  34.00 ]        0.658316      0.484368
  124       126      0.780553  [ 51.15  17.84  31.00  47.68  39.81  12.51 ]        0.741048      0.484368
  125       127      0.778995  [ 49.95  16.64  33.41  12.99  5.12  81.89 ]        0.721249      0.484368
  126       128       0.77744  [ 49.95  16.64  33.41  12.99  5.12  81.89 ]        0.721249      0.484368
  127       129      0.775889  [ 39.68  6.37  53.95  36.61  28.73  34.66 ]        0.550836      0.484368
  128       130       0.77434  [ 51.01  17.69  31.30  33.22  25.34  41.44 ]        0.736098      0.484368
  129       131      0.772794  [ 33.78  0.47  65.75  28.75  20.88  50.37 ]        0.483661      0.483661
  130       132      0.771252  [ 66.41  33.10  0.49  45.97  38.10  15.93 ]        0.915703      0.483661
  131       133      0.769712  [ 63.04  29.73  7.23  10.54  2.66  86.80 ]        0.910754      0.483661
  132       134      0.768176  [ 63.35  30.04  6.61  24.44  16.56  59.00 ]        0.886712      0.483661
  133       135      0.766643  [ 58.84  25.53  15.63  35.87  27.99  36.14 ]        0.823072      0.483661
  134       136      0.765113  [ 54.74  21.42  23.84  18.53  10.65  70.82 ]        0.762968      0.483661
  135       137      0.763585  [ 53.20  19.88  26.92  23.71  15.84  60.45 ]        0.732563      0.483661
  136       138      0.762061  [ 47.34  14.02  38.64  18.00  10.12  71.88 ]        0.654074      0.483661
  137       139       0.76054  [ 40.44  7.12  52.44  31.66  23.79  44.55 ]        0.590434      0.483661
  138       140      0.759022  [ 44.83  11.51  43.66  22.80  14.93  62.26 ]        0.629325      0.483661
  139       141      0.757507  [ 46.27  12.96  40.78  47.88  40.00  12.12 ]        0.629325      0.483661
  140       142      0.755995  [ 49.32  16.01  34.67  44.22  36.34  19.44 ]        0.695793      0.483661
  141       143      0.754486  [ 59.15  25.84  15.01  41.08  33.21  25.71 ]         0.81883      0.483661
  142       144       0.75298  [ 49.00  15.69  35.31  30.35  22.48  47.17 ]         0.70145      0.483661
  143       145      0.751477  [ 49.00  15.69  35.31  30.35  22.48  47.17 ]         0.70145      0.483661
  144       146      0.749977  [ 63.67  30.36  5.97  18.50  10.63  70.87 ]        0.878934      0.483661
  145       147       0.74848  [ 46.94  13.62  39.44  33.75  25.87  40.38 ]        0.653367      0.483661
  146       148      0.746986  [ 57.01  23.70  19.30  48.46  40.58  10.96 ]        0.805395      0.483661
  147       149      0.745495  [ 36.43  3.11  60.46  13.30  5.43  81.27 ]         0.51336      0.483661
  148       150      0.744007  [ 53.71  20.40  25.89  52.36  44.48  3.16 ]        0.774989      0.483661
  149       151      0.742522  [ 39.89  6.58  53.53  8.77  0.90  90.33 ]        0.560736      0.483661
  150       152       0.74104  [ 39.25  5.93  54.82  11.36  3.49  85.15 ]        0.546594      0.483661
  151       153      0.739561  [ 53.50  20.19  26.31  9.78  1.91  88.30 ]        0.759433      0.483661
  152       154      0.738085  [ 53.92  20.60  25.48  32.30  24.42  43.28 ]        0.745998      0.483661
  153       155      0.736612  [ 62.23  28.92  8.85  16.40  8.53  75.07 ]         0.87752      0.483661
  154       156      0.735141  [ 50.75  17.43  31.82  50.51  42.64  6.85 ]        0.722663      0.483661
  155       157      0.733674  [ 62.15  28.84  9.01  32.87  24.99  42.14 ]        0.880348      0.483661
  156       158       0.73221  [ 38.40  5.09  56.51  9.88  2.01  88.10 ]        0.547301      0.483661
  157       159      0.730748  [ 33.48  0.16  66.36  13.76  5.89  80.35 ]        0.460327      0.460327
  158       160       0.72929  [ 33.48  0.16  66.36  13.76  5.89  80.35 ]        0.460327      0.460327
  159       161      0.727834  [ 33.48  0.16  66.36  13.76  5.89  80.35 ]        0.460327      0.460327
  160       162      0.726381  [ 33.48  0.16  66.36  13.76  5.89  80.35 ]        0.460327      0.460327
  161       163      0.724931  [ 38.20  4.88  56.92  25.22  17.35  57.43 ]        0.522552      0.460327
  162       164      0.723484  [ 48.44  15.12  36.44  15.47  7.59  76.94 ]        0.687308      0.460327
  163       165       0.72204  [ 48.44  15.12  36.44  15.47  7.59  76.94 ]        0.687308      0.460327
  164       166      0.720599  [ 53.12  19.81  27.07  31.98  24.11  43.91 ]         0.72337      0.460327
  165       167      0.719161  [ 52.08  18.77  29.15  41.01  33.13  25.86 ]        0.749533      0.460327
  166       168      0.717725  [ 40.18  6.86  52.96  13.55  5.68  80.77 ]        0.567807      0.460327
  167       169      0.716293  [ 40.18  6.86  52.96  13.55  5.68  80.77 ]        0.567807      0.460327
  168       170      0.714863  [ 40.18  6.86  52.96  13.55  5.68  80.77 ]        0.567807      0.460327
  169       171      0.713436  [ 40.18  6.86  52.96  13.55  5.68  80.77 ]        0.567807      0.460327
  170       172      0.712012  [ 55.92  22.60  21.48  48.27  40.40  11.32 ]        0.789838      0.460327
  171       173      0.710591  [ 65.16  31.84  3.00  33.00  25.12  41.88 ]        0.912168      0.460327
  172       174      0.709173  [ 64.85  31.54  3.60  14.01  6.14  79.85 ]        0.931967      0.460327
  173       175      0.707757  [ 62.96  29.65  7.39  17.89  10.01  72.10 ]        0.864084      0.460327
  174       176      0.706344  [ 65.35  32.03  2.62  17.18  9.31  73.51 ]        0.929845      0.460327
  175       177      0.704934  [ 53.52  20.20  26.28  20.44  12.57  67.00 ]        0.738927      0.460327
  176       178      0.703527  [ 60.33  27.02  12.64  19.91  12.03  68.06 ]         0.84075      0.460327
  177       179      0.702123  [ 54.06  20.74  25.20  38.69  30.82  30.49 ]        0.752362      0.460327
  178       180      0.700722  [ 44.65  11.34  44.01  14.25  6.37  79.38 ]        0.653367      0.460327
  179       181      0.699323  [ 36.72  3.40  59.88  21.10  13.23  65.67 ]         0.50841      0.460327
  180       182      0.697927  [ 36.72  3.40  59.88  21.10  13.23  65.67 ]         0.50841      0.460327
  181       183      0.696534  [ 57.27  23.96  18.77  26.44  18.57  54.99 ]        0.806102      0.460327
  182       184      0.695144  [ 33.71  0.39  65.90  38.39  30.52  31.09 ]        0.478004      0.460327
  183       185      0.693756  [ 51.42  18.11  30.47  43.51  35.64  20.85 ]        0.720542      0.460327
  184       186      0.692372  [ 44.68  11.37  43.94  19.15  11.28  69.57 ]        0.637103      0.460327
  185       187       0.69099  [ 56.77  23.45  19.78  14.14  6.27  79.59 ]        0.805395      0.460327
  186       188       0.68961  [ 57.89  24.57  17.54  12.24  4.37  83.40 ]        0.837922      0.460327
  187       189      0.688234  [ 63.82  30.50  5.68  8.88  1.01  90.11 ]        0.922067      0.460327
  188       190       0.68686  [ 46.03  12.72  41.25  8.93  1.05  90.02 ]        0.658316      0.460327
  189       191      0.685489  [ 51.62  18.31  30.07  17.40  9.52  73.08 ]        0.738927      0.460327
  190       192      0.684121  [ 55.52  22.21  22.27  35.50  27.63  36.87 ]        0.778525      0.460327
  191       193      0.682755  [ 54.03  20.71  25.26  14.70  6.83  78.47 ]        0.784181      0.460327
  192       194      0.681393  [ 54.03  20.71  25.26  14.70  6.83  78.47 ]        0.784181      0.460327
  193       195      0.680033  [ 54.03  20.71  25.26  14.70  6.83  78.47 ]        0.784181      0.460327
  194       196      0.678675  [ 36.38  3.07  60.55  17.97  10.10  71.93 ]        0.490025      0.460327
  195       197      0.677321  [ 43.94  10.63  45.43  40.67  32.80  26.53 ]         0.64771      0.460327
  196       198      0.675969  [ 50.56  17.25  32.19  45.49  37.62  16.89 ]        0.726906      0.460327
  197       199      0.674619  [ 58.63  25.32  16.05  21.38  13.51  65.11 ]          0.8358      0.460327
  198       200      0.673273  [ 49.56  16.25  34.19  16.88  9.01  74.11 ]        0.724077      0.460327
  199       201      0.671929  [ 37.50  4.18  58.32  18.18  10.30  71.52 ]        0.556493      0.460327
  200       202      0.670588  [ 41.29  7.98  50.72  11.63  3.76  84.61 ]        0.603162      0.460327
  201       203      0.669249  [ 42.85  9.54  47.61  15.69  7.81  76.50 ]        0.632153      0.460327
  202       204      0.667914  [ 44.54  11.22  44.24  29.41  21.53  49.06 ]        0.623668      0.460327
  203       205       0.66658  [ 48.64  15.32  36.04  50.21  42.33  7.46 ]        0.694379      0.460327
  204       206       0.66525  [ 53.93  20.61  25.46  44.82  36.94  18.24 ]        0.783474      0.460327
  205       207      0.663922  [ 57.45  24.13  18.42  44.48  36.61  18.91 ]        0.820951      0.460327
  206       208      0.662597  [ 63.52  30.21  6.27  28.01  20.14  51.85 ]        0.878934      0.460327
  207       209      0.661274  [ 50.38  17.07  32.55  8.34  0.46  91.20 ]        0.712764      0.460327
  208       210      0.659954  [ 46.56  13.25  40.19  47.19  39.31  13.50 ]        0.634982      0.460327
  209       211      0.658637  [ 46.56  13.25  40.19  47.19  39.31  13.50 ]        0.634982      0.460327
  210       212      0.657322  [ 41.71  8.40  49.90  49.20  41.33  9.47 ]        0.592555      0.460327
  211       213       0.65601  [ 41.49  8.18  50.33  39.72  31.85  28.43 ]        0.585484      0.460327
  212       214      0.654701  [ 56.44  23.13  20.42  39.32  31.44  29.24 ]         0.80893      0.460327
  213       215      0.653394  [ 64.77  31.46  3.77  34.05  26.17  39.78 ]        0.933381      0.460327
  214       216       0.65209  [ 42.33  9.02  48.64  52.20  44.33  3.47 ]        0.557907      0.460327
  215       217      0.650789  [ 42.33  9.02  48.64  52.20  44.33  3.47 ]        0.557907      0.460327
  216       218       0.64949  [ 42.33  9.02  48.64  52.20  44.33  3.47 ]        0.557907      0.460327
  217       219      0.648193  [ 59.89  26.57  13.54  17.40  9.52  73.08 ]        0.843578      0.460327
  218       220      0.646899  [ 51.59  18.27  30.14  15.54  7.67  76.79 ]         0.73327      0.460327
  219       221      0.645608  [ 37.27  3.96  58.78  46.03  38.15  15.82 ]        0.518309      0.460327
  220       222      0.644319  [ 50.58  17.26  32.16  50.38  42.51  7.10 ]        0.712057      0.460327
  221       223      0.643033  [ 65.84  32.52  1.64  33.35  25.48  41.17 ]        0.922774      0.460327
  222       224       0.64175  [ 52.81  19.50  27.69  13.03  5.16  81.81 ]        0.768625      0.460327
  223       225      0.640469  [ 61.44  28.12  10.44  14.15  6.28  79.57 ]        0.880348      0.460327
  224       226      0.639191  [ 54.38  21.07  24.56  24.49  16.62  58.90 ]        0.766504      0.460327
  225       227      0.637915  [ 56.91  23.59  19.50  42.59  34.72  22.69 ]        0.820951      0.460327
  226       228      0.636641  [ 38.93  5.62  55.45  9.60  1.73  88.67 ]        0.543765      0.460327
  227       229      0.635371  [ 47.50  14.19  38.31  18.11  10.24  71.65 ]        0.641346      0.460327
  228       230      0.634103  [ 47.50  14.19  38.31  18.11  10.24  71.65 ]        0.641346      0.460327
  229       231      0.632837  [ 43.23  9.92  46.85  9.17  1.29  89.54 ]        0.632153      0.460327
  230       232      0.631574  [ 43.23  9.92  46.85  9.17  1.29  89.54 ]        0.632153      0.460327
  231       233      0.630313  [ 35.77  2.45  61.78  23.82  15.95  60.23 ]        0.488611      0.460327
  232       234      0.629055  [ 46.36  13.05  40.59  51.64  43.77  4.59 ]        0.645588      0.460327
  233       235      0.627799  [ 60.48  27.17  12.35  16.30  8.42  75.28 ]        0.838629      0.460327
  234       236      0.626546  [ 33.77  0.46  65.77  26.34  18.47  55.18 ]        0.475176      0.460327
  235       237      0.625296  [ 54.08  20.76  25.16  16.10  8.23  75.68 ]        0.757311      0.460327
  236       238      0.624048  [ 37.17  3.86  58.96  49.34  41.46  9.20 ]         0.49851      0.460327
  237       239      0.622802  [ 37.17  3.86  58.96  49.34  41.46  9.20 ]         0.49851      0.460327
  238       240      0.621559  [ 36.08  2.76  61.16  30.00  22.12  47.88 ]        0.534573      0.460327
  239       241      0.620318  [ 36.08  2.76  61.16  30.00  22.12  47.88 ]        0.534573      0.460327
  240       242       0.61908  [ 65.16  31.85  2.99  41.78  33.90  24.32 ]        0.913582      0.460327
  241       243      0.617844  [ 55.19  21.88  22.93  13.74  5.87  80.40 ]        0.751655      0.460327
  242       244      0.616611  [ 55.19  21.88  22.93  13.74  5.87  80.40 ]        0.751655      0.460327
  243       245       0.61538  [ 56.84  23.53  19.63  37.34  29.47  33.20 ]         0.81883      0.460327
  244       246      0.614152  [ 34.54  1.23  64.23  37.46  29.59  32.95 ]        0.485782      0.460327
  245       247      0.612926  [ 56.56  23.24  20.20  26.79  18.91  54.30 ]        0.781353      0.460327
  246       248      0.611703  [ 45.69  12.37  41.94  45.48  37.61  16.91 ]        0.631446      0.460327
  247       249      0.610482  [ 41.13  7.82  51.05  19.88  12.01  68.10 ]        0.584777      0.460327
  248       250      0.609263  [ 62.80  29.48  7.72  8.57  0.70  90.72 ]        0.876105      0.460327
  249       251      0.608047  [ 36.58  3.27  60.15  39.94  32.07  27.99 ]        0.522552      0.460327
  250       252      0.606834  [ 60.98  27.67  11.35  21.70  13.83  64.47 ]        0.864084      0.460327
  251       253      0.605622  [ 42.48  9.17  48.35  43.43  35.56  21.01 ]        0.630032      0.460327
  252       254      0.604414  [ 54.62  21.30  24.08  45.69  37.82  16.48 ]        0.767918      0.460327
  253       255      0.603207  [ 38.67  5.36  55.97  10.12  2.25  87.63 ]        0.554372      0.460327
  254       256      0.602003  [ 52.31  18.99  28.70  25.06  17.19  57.75 ]        0.700036      0.460327
  255       257      0.600802  [ 48.62  15.30  36.08  49.54  41.67  8.79 ]        0.714885      0.460327
  256       258      0.599602  [ 39.18  5.87  54.95  50.44  42.57  6.99 ]        0.555079      0.460327
  257       259      0.598405  [ 37.53  4.22  58.25  12.53  4.65  82.82 ]         0.53528      0.460327
  258       260      0.597211  [ 37.53  4.22  58.25  12.53  4.65  82.82 ]         0.53528      0.460327
  259       261      0.596019  [ 36.54  3.23  60.23  25.56  17.69  56.75 ]        0.506996      0.460327
  260       262      0.594829  [ 50.57  17.26  32.18  49.16  41.29  9.55 ]          0.7064      0.460327
  261       263      0.593642  [ 39.92  6.60  53.48  40.00  32.13  27.88 ]          0.5572      0.460327
  262       264      0.592457  [ 57.71  24.39  17.90  9.56  1.69  88.75 ]        0.820951      0.460327
  263       265      0.591275  [ 42.65  9.34  48.01  24.40  16.53  59.07 ]        0.595384      0.460327
  264       266      0.590094  [ 42.65  9.34  48.01  24.40  16.53  59.07 ]        0.595384      0.460327
  265       267      0.588917  [ 38.57  5.25  56.18  23.50  15.63  60.87 ]        0.572756      0.460327
  266       268      0.587741  [ 63.33  30.02  6.65  30.47  22.59  46.94 ]        0.910754      0.460327
  267       269      0.586568  [ 38.70  5.38  55.92  13.40  5.53  81.07 ]        0.556493      0.460327
  268       270      0.585397  [ 58.89  25.57  15.54  9.07  1.19  89.74 ]        0.840043      0.460327
  269       271      0.584229  [ 48.96  15.65  35.39  31.07  23.20  45.73 ]        0.717006      0.460327
  270       272      0.583063  [ 52.09  18.78  29.13  32.05  24.17  43.78 ]        0.740341      0.460327
  271       273      0.581899  [ 61.96  28.64  9.40  32.43  24.56  43.00 ]        0.886712      0.460327
  272       274      0.580737  [ 40.48  7.17  52.35  32.32  24.45  43.23 ]         0.58407      0.460327
  273       275      0.579578  [ 41.98  8.67  49.35  52.21  44.33  3.46 ]        0.578413      0.460327
  274       276      0.578421  [ 58.04  24.72  17.24  50.74  42.86  6.40 ]        0.810344      0.460327
  275       277      0.577267  [ 43.22  9.91  46.87  22.31  14.44  63.24 ]        0.605283      0.460327
  276       278      0.576115  [ 59.73  26.42  13.85  10.09  2.21  87.70 ]        0.823779      0.460327
  277       279      0.574965  [ 57.30  23.99  18.71  46.97  39.10  13.93 ]        0.811759      0.460327
  278       280      0.573817  [ 65.42  32.10  2.48  37.32  29.44  33.24 ]        0.940452      0.460327
  279       281      0.572672  [ 38.32  5.00  56.68  27.64  19.77  52.59 ]        0.545179      0.460327
  280       282      0.571529  [ 43.74  10.43  45.83  35.52  27.65  36.83 ]        0.605991      0.460327
  281       283      0.570388  [ 46.71  13.39  39.90  29.83  21.96  48.21 ]         0.64771      0.460327
  282       284      0.569249  [ 66.44  33.13  0.43  26.86  18.99  54.15 ]        0.932674      0.460327
  283       285      0.568113  [ 48.36  15.05  36.60  23.02  15.14  61.84 ]        0.690136      0.460327
  284       286      0.566979  [ 56.35  23.03  20.62  22.46  14.58  62.96 ]        0.799031      0.460327
  285       287      0.565847  [ 43.97  10.65  45.38  48.46  40.59  10.95 ]        0.588313      0.460327
  286       288      0.564718  [ 56.61  23.29  20.10  12.00  4.13  83.87 ]        0.804688      0.460327
  287       289      0.563591  [ 58.32  25.00  16.68  38.50  30.63  30.87 ]        0.832265      0.460327
  288       290      0.562466  [ 39.19  5.88  54.93  36.80  28.93  34.27 ]        0.540937      0.460327
  289       291      0.561343  [ 35.41  2.09  62.50  12.88  5.01  82.11 ]        0.487197      0.460327
  290       292      0.560223  [ 35.41  2.09  62.50  12.88  5.01  82.11 ]        0.487197      0.460327
  291       293      0.559105  [ 39.83  6.52  53.65  45.25  37.38  17.37 ]        0.548008      0.460327
  292       294      0.557989  [ 63.41  30.09  6.50  18.03  10.15  71.82 ]         0.89944      0.460327
  293       295      0.556875  [ 45.75  12.43  41.82  32.71  24.84  42.46 ]         0.66468      0.460327
  294       296      0.555763  [ 44.23  10.91  44.86  29.78  21.91  48.31 ]        0.654074      0.460327
  295       297      0.554654  [ 45.50  12.18  42.32  42.18  34.31  23.51 ]        0.654781      0.460327
  296       298      0.553547  [ 54.02  20.70  25.28  15.18  7.31  77.51 ]        0.749533      0.460327
  297       299      0.552442  [ 38.04  4.72  57.24  49.90  42.02  8.08 ]        0.524673      0.460327
  298       300      0.551339  [ 60.87  27.56  11.57  13.28  5.40  81.32 ]        0.873984      0.460327
  299       301      0.550239  [ 60.87  27.56  11.57  13.28  5.40  81.32 ]        0.873984      0.460327
  300       302      0.549141  [ 40.46  7.15  52.39  47.48  39.60  12.92 ]        0.581242      0.460327
  301       303      0.548044  [ 63.21  29.89  6.90  36.25  28.38  35.37 ]        0.881055      0.460327
  302       304      0.546951  [ 65.51  32.20  2.28  20.61  12.74  66.65 ]        0.948937      0.460327
  303       305      0.545859  [ 57.30  23.98  18.72  47.37  39.49  13.14 ]        0.818123      0.460327
  304       306      0.544769  [ 49.55  16.24  34.21  48.70  40.82  10.48 ]        0.681651      0.460327
  305       307      0.543682  [ 49.55  16.24  34.21  48.70  40.82  10.48 ]        0.681651      0.460327
  306       308      0.542597  [ 40.28  6.97  52.75  26.23  18.35  55.42 ]        0.576999      0.460327
  307       309      0.541514  [ 44.84  11.53  43.63  45.15  37.28  17.57 ]        0.627204      0.460327
  308       310      0.540433  [ 44.84  11.53  43.63  45.15  37.28  17.57 ]        0.627204      0.460327
  309       311      0.539354  [ 57.34  24.03  18.63  19.02  11.14  69.84 ]        0.818123      0.460327
  310       312      0.538278  [ 56.73  23.41  19.86  45.68  37.81  16.52 ]        0.799031      0.460327
  311       313      0.537203  [ 57.34  24.03  18.63  31.50  23.63  44.87 ]        0.828022      0.460327
  312       314      0.536131  [ 59.09  25.77  15.14  31.58  23.71  44.71 ]        0.871863      0.460327
  313       315      0.535061  [ 36.95  3.64  59.41  23.35  15.47  61.18 ]         0.54023      0.460327
  314       316      0.533993  [ 42.29  8.98  48.74  44.02  36.14  19.84 ]        0.596091      0.460327
  315       317      0.532927  [ 53.70  20.39  25.91  10.60  2.73  86.67 ]         0.76014      0.460327
  316       318      0.531863  [ 63.76  30.45  5.79  14.26  6.39  79.34 ]        0.912168      0.460327
  317       319      0.530802  [ 63.61  30.29  6.10  31.73  23.85  44.42 ]        0.910046      0.460327
  318       320      0.529742  [ 65.48  32.17  2.34  35.15  27.28  37.57 ]        0.914996      0.460327
  319       321      0.528685  [ 58.88  25.57  15.55  31.24  23.37  45.39 ]        0.835093      0.460327
  320       322       0.52763  [ 61.12  27.81  11.07  52.74  44.86  2.40 ]        0.878227      0.460327
  321       323      0.526576  [ 62.35  29.03  8.62  15.35  7.48  77.17 ]        0.881055      0.460327
  322       324      0.525525  [ 49.62  16.31  34.08  38.50  30.63  30.86 ]        0.697207      0.460327
  323       325      0.524476  [ 65.57  32.25  2.18  45.88  38.01  16.11 ]        0.929845      0.460327
  324       326       0.52343  [ 35.70  2.38  61.92  17.58  9.71  72.71 ]        0.522552      0.460327
  325       327      0.522385  [ 48.77  15.46  35.77  40.92  33.05  26.03 ]        0.689429      0.460327
  326       328      0.521342  [ 48.77  15.46  35.77  40.92  33.05  26.03 ]        0.689429      0.460327
  327       329      0.520301  [ 48.77  15.46  35.77  40.92  33.05  26.03 ]        0.689429      0.460327
  328       330      0.519263  [ 36.51  3.20  60.29  38.85  30.98  30.17 ]         0.50346      0.460327
  329       331      0.518226  [ 60.02  26.71  13.28  20.21  12.33  67.46 ]        0.852771      0.460327
  330       332      0.517192  [ 36.87  3.56  59.57  22.47  14.60  62.93 ]        0.507703      0.460327
  331       333       0.51616  [ 36.87  3.56  59.57  22.47  14.60  62.93 ]        0.507703      0.460327
  332       334       0.51513  [ 36.87  3.56  59.57  22.47  14.60  62.93 ]        0.507703      0.460327
  333       335      0.514101  [ 36.87  3.56  59.57  22.47  14.60  62.93 ]        0.507703      0.460327
  334       336      0.513075  [ 36.87  3.56  59.57  22.47  14.60  62.93 ]        0.507703      0.460327
  335       337      0.512051  [ 46.41  13.10  40.49  36.16  28.28  35.56 ]        0.658316      0.460327
  336       338      0.511029  [ 53.96  20.65  25.39  41.09  33.21  25.70 ]        0.776403      0.460327
  337       339      0.510009  [ 50.80  17.49  31.71  47.85  39.98  12.17 ]        0.700743      0.460327
  338       340      0.508991  [ 57.58  24.27  18.15  35.91  28.04  36.05 ]        0.819537      0.460327
  339       341      0.507975  [ 65.50  32.19  2.31  16.61  8.73  74.66 ]        0.917117      0.460327
  340       342      0.506961  [ 41.00  7.69  51.31  21.73  13.85  64.42 ]        0.590434      0.460327
  341       343      0.505949  [ 43.34  10.02  46.64  38.38  30.51  31.10 ]        0.605283      0.460327
  342       344      0.504939  [ 34.10  0.79  65.11  18.90  11.02  70.08 ]        0.512652      0.460327
  343       345      0.503932  [ 45.11  11.79  43.10  11.55  3.67  84.78 ]        0.627911      0.460327
  344       346      0.502926  [ 60.80  27.48  11.72  48.58  40.70  10.72 ]        0.841457      0.460327
  345       347      0.501922  [ 37.34  4.03  58.63  23.43  15.56  61.01 ]        0.541644      0.460327
  346       348       0.50092  [ 50.13  16.82  33.05  19.87  12.00  68.13 ]          0.7064      0.460327
