******************Parametres initiaux***********************
Points do we try before stepping :N_TRIES=1
Iterations for each T :ITERS_FIXED_T=1
Step size in random walk :STEP_SIZE=200.000000
Boltzmann constant :K=1.000000
Initial temperature :T_INITIAL=1.000000
Damping factor for temperature MU_T=1.002000
Minimal Temperature T_MIN=5.000000e-01
Initial state :25.09	10.31	80.87	10.76	
*************************************************************
#-iter  #-evals   temperature     position   energy
    0         2             1  [ 27.83  13.05  59.12  80.54  10.43  9.03 ]        0.392444      0.349311
    1         3      0.998004  [ 17.34  2.56  80.10  79.36  9.26  11.38 ]        0.239002      0.239002
    2         4      0.996012  [ 43.03  28.25  28.72  74.23  4.12  21.65 ]        0.592555      0.239002
    3         5      0.994024  [ 37.89  23.11  39.00  74.57  4.46  20.97 ]        0.545179      0.239002
    4         6       0.99204  [ 22.83  8.05  69.12  71.23  1.12  27.65 ]        0.307591      0.239002
    5         7       0.99006  [ 46.77  31.99  21.23  78.68  8.57  12.75 ]        0.666095      0.239002
    6         8      0.988084  [ 19.73  4.95  75.32  71.50  1.40  27.10 ]        0.313955      0.239002
    7         9      0.986111  [ 26.61  11.83  61.56  75.86  5.76  18.38 ]         0.35921      0.239002
    8        10      0.984143  [ 21.98  7.19  70.83  75.96  5.86  18.18 ]        0.306884      0.239002
    9        11      0.982179  [ 42.33  27.55  30.12  73.92  3.82  22.26 ]        0.605991      0.239002
   10        12      0.980218  [ 47.13  32.35  20.51  70.86  0.75  28.38 ]        0.680944      0.239002
   11        13      0.978262  [ 34.71  19.93  45.36  70.48  0.37  29.15 ]        0.492146      0.239002
   12        14      0.976309  [ 18.84  4.06  77.10  78.03  7.93  14.04 ]        0.252437      0.239002
   13        15       0.97436  [ 33.44  18.66  47.90  76.74  6.64  16.62 ]        0.502753      0.239002
   14        16      0.972416  [ 53.59  38.81  7.60  83.97  13.86  2.17 ]        0.768625      0.239002
   15        17      0.970475  [ 34.08  19.30  46.62  84.46  14.35  1.19 ]        0.449013      0.239002
   16        18      0.968538  [ 25.74  10.96  63.30  77.92  7.82  14.26 ]        0.367696      0.239002
   17        19      0.966604  [ 17.56  2.78  79.65  73.41  3.30  23.29 ]        0.241831      0.239002
   18        20      0.964675  [ 25.63  10.84  63.53  75.18  5.07  19.75 ]        0.369817      0.239002
   19        21      0.962749  [ 37.42  22.64  39.94  84.06  13.95  2.00 ]        0.528916      0.239002
   20        22      0.960828  [ 44.65  29.87  25.49  76.61  6.51  16.88 ]        0.654074      0.239002
   21        23       0.95891  [ 20.19  5.41  74.39  78.27  8.17  13.56 ]        0.293449      0.239002
   22        24      0.956996  [ 20.19  5.41  74.39  78.27  8.17  13.56 ]        0.293449      0.239002
   23        25      0.955086  [ 25.59  10.81  63.59  70.45  0.35  29.20 ]        0.362746      0.239002
   24        26      0.953179  [ 31.32  16.54  52.14  70.72  0.61  28.67 ]        0.461034      0.239002
   25        27      0.951277  [ 20.26  5.47  74.27  81.99  11.88  6.13 ]        0.292742      0.239002
   26        28      0.949378  [ 54.61  39.83  5.56  72.78  2.67  24.55 ]        0.785596      0.239002
   27        29      0.947483  [ 41.73  26.95  31.32  74.85  4.74  20.41 ]        0.572049      0.239002
   28        30      0.945592  [ 19.29  4.51  76.20  79.84  9.73  10.43 ]        0.277893      0.239002
   29        31      0.943705  [ 37.53  22.75  39.73  70.18  0.07  29.75 ]        0.519016      0.239002
   30        32      0.941821  [ 33.21  18.43  48.36  85.00  14.90  0.10 ]        0.489318      0.239002
   31        33      0.939941  [ 43.16  28.38  28.47  70.35  0.24  29.41 ]        0.599627      0.239002
   32        34      0.938065  [ 52.27  37.49  10.25  83.43  13.32  3.25 ]        0.744583      0.239002
   33        35      0.936193  [ 55.60  40.82  3.58  74.55  4.44  21.01 ]        0.812466      0.239002
   34        36      0.934324  [ 20.33  5.54  74.13  82.54  12.44  5.02 ]         0.30547      0.239002
   35        37      0.932459  [ 20.33  5.54  74.13  82.54  12.44  5.02 ]         0.30547      0.239002
   36        38      0.930598  [ 26.36  11.58  62.06  75.12  5.02  19.86 ]        0.367696      0.239002
   37        39       0.92874  [ 28.66  13.87  57.47  74.65  4.54  20.81 ]        0.395273      0.239002
   38        40      0.926887  [ 20.87  6.09  73.04  74.08  3.98  21.94 ]        0.301227      0.239002
   39        41      0.925036  [ 51.97  37.19  10.84  75.36  5.26  19.38 ]          0.6965      0.239002
   40        42       0.92319  [ 43.29  28.51  28.20  77.52  7.42  15.06 ]        0.604576      0.239002
   41        43      0.921347  [ 15.09  0.31  84.61  82.81  12.70  4.50 ]         0.22981       0.22981
   42        44      0.919508  [ 27.71  12.93  59.36  79.22  9.12  11.66 ]        0.385373       0.22981
   43        45      0.917673  [ 35.14  20.36  44.50  77.77  7.66  14.57 ]         0.49851       0.22981
   44        46      0.915841  [ 40.55  25.77  33.68  75.58  5.48  18.94 ]        0.605991       0.22981
   45        47      0.914013  [ 41.33  26.55  32.12  81.34  11.24  7.42 ]        0.583363       0.22981
   46        48      0.912189  [ 41.33  26.55  32.12  81.34  11.24  7.42 ]        0.583363       0.22981
   47        49      0.910368  [ 38.15  23.37  38.48  84.82  14.71  0.47 ]        0.572756       0.22981
   48        50      0.908551  [ 44.78  30.00  25.22  79.84  9.74  10.42 ]        0.611647       0.22981
   49        51      0.906738  [ 41.19  26.40  32.41  73.98  3.87  22.15 ]         0.59397       0.22981
   50        52      0.904928  [ 41.19  26.40  32.41  73.98  3.87  22.15 ]         0.59397       0.22981
   51        53      0.903122  [ 25.80  11.01  63.19  77.22  7.12  15.66 ]        0.395273       0.22981
   52        54      0.901319  [ 19.22  4.44  76.34  77.25  7.15  15.60 ]        0.259508       0.22981
   53        55       0.89952  [ 23.21  8.43  68.36  82.28  12.17  5.55 ]        0.308299       0.22981
   54        56      0.897724  [ 32.39  17.61  50.00  83.77  13.67  2.56 ]        0.436992       0.22981
   55        57      0.895933  [ 44.90  30.12  24.98  81.55  11.45  7.00 ]        0.654074       0.22981
   56        58      0.894144  [ 44.15  29.37  26.49  80.51  10.40  9.09 ]        0.639932       0.22981
   57        59       0.89236  [ 20.63  5.85  73.52  70.64  0.53  28.83 ]        0.292742       0.22981
   58        60      0.890578  [ 33.95  19.17  46.89  72.46  2.35  25.19 ]         0.48154       0.22981
   59        61      0.888801  [ 41.03  26.25  32.72  77.28  7.17  15.55 ]        0.579828       0.22981
   60        62      0.887027  [ 35.34  20.56  44.10  79.41  9.30  11.29 ]        0.514067       0.22981
   61        63      0.885256  [ 41.41  26.63  31.96  78.06  7.95  13.99 ]        0.616597       0.22981
   62        64      0.883489  [ 41.38  26.60  32.03  84.78  14.68  0.54 ]        0.570635       0.22981
   63        65      0.881726  [ 15.61  0.82  83.57  82.36  12.25  5.39 ]        0.208597      0.208597
   64        66      0.879966  [ 29.54  14.76  55.69  76.50  6.39  17.11 ]         0.38608      0.208597
   65        67      0.878209  [ 19.34  4.56  76.11  83.42  13.32  3.26 ]        0.294864      0.208597
   66        68      0.876457  [ 19.71  4.93  75.35  72.59  2.49  24.92 ]        0.285671      0.208597
   67        69      0.874707  [ 27.22  12.44  60.35  71.14  1.03  27.83 ]         0.39103      0.208597
   68        70      0.872961  [ 32.16  17.38  50.47  72.90  2.79  24.31 ]        0.439113      0.208597
   69        71      0.871219  [ 16.32  1.54  82.14  70.94  0.83  28.23 ]        0.232638      0.208597
   70        72       0.86948  [ 24.72  9.93  65.35  74.31  4.21  21.48 ]        0.326683      0.208597
   71        73      0.867744  [ 22.77  7.99  69.25  74.87  4.76  20.37 ]        0.335169      0.208597
   72        74      0.866012  [ 38.04  23.26  38.69  73.13  3.03  23.84 ]        0.543765      0.208597
   73        75      0.864284  [ 17.16  2.38  80.47  83.11  13.01  3.88 ]        0.245366      0.208597
   74        76      0.862559  [ 20.33  5.55  74.11  70.16  0.06  29.78 ]        0.270822      0.208597
   75        77      0.860837  [ 20.33  5.55  74.11  70.16  0.06  29.78 ]        0.270822      0.208597
   76        78      0.859119  [ 32.34  17.56  50.10  73.83  3.72  22.45 ]        0.445477      0.208597
   77        79      0.857404  [ 35.38  20.60  44.02  81.77  11.66  6.57 ]        0.504874      0.208597
   78        80      0.855692  [ 32.38  17.59  50.03  70.21  0.11  29.68 ]        0.463155      0.208597
   79        81      0.853985  [ 32.38  17.59  50.03  70.21  0.11  29.68 ]        0.463155      0.208597
   80        82       0.85228  [ 18.47  3.69  77.85  84.92  14.82  0.26 ]        0.257387      0.208597
   81        83      0.850579  [ 18.18  3.40  78.41  82.15  12.04  5.81 ]        0.248194      0.208597
   82        84      0.848881  [ 27.46  12.68  59.85  71.92  1.81  26.27 ]        0.414365      0.208597
   83        85      0.847187  [ 28.01  13.22  58.77  79.61  9.50  10.89 ]        0.397394      0.208597
   84        86      0.845496  [ 53.19  38.41  8.39  73.51  3.41  23.08 ]        0.747412      0.208597
   85        87      0.843808  [ 47.97  33.19  18.83  73.11  3.01  23.88 ]         0.66963      0.208597
   86        88      0.842124  [ 17.37  2.59  80.05  81.31  11.21  7.48 ]        0.243245      0.208597
   87        89      0.840443  [ 38.22  23.44  38.33  71.54  1.43  27.03 ]        0.560736      0.208597
   88        90      0.838765  [ 32.14  17.36  50.49  82.26  12.15  5.59 ]        0.433456      0.208597
   89        91      0.837091  [ 43.12  28.34  28.53  76.37  6.27  17.36 ]        0.613062      0.208597
   90        92       0.83542  [ 19.83  5.05  75.13  73.02  2.91  24.07 ]        0.267993      0.208597
   91        93      0.833753  [ 19.83  5.05  75.13  73.02  2.91  24.07 ]        0.267993      0.208597
   92        94      0.832089  [ 19.83  5.05  75.13  73.02  2.91  24.07 ]        0.267993      0.208597
   93        95      0.830428  [ 25.61  10.82  63.57  77.79  7.69  14.52 ]        0.402344      0.208597
   94        96       0.82877  [ 17.25  2.47  80.28  83.82  13.72  2.46 ]        0.230517      0.208597
   95        97      0.827116  [ 17.25  2.47  80.28  83.82  13.72  2.46 ]        0.230517      0.208597
   96        98      0.825465  [ 53.70  38.92  7.38  82.11  12.00  5.89 ]        0.753069      0.208597
   97        99      0.823817  [ 48.06  33.28  18.67  70.77  0.66  28.57 ]        0.681651      0.208597
   98       100      0.822173  [ 36.97  22.19  40.83  76.17  6.06  17.77 ]        0.524673      0.208597
   99       101      0.820532  [ 17.12  2.34  80.55  81.25  11.15  7.60 ]        0.236881      0.208597
  100       102      0.818894  [ 56.47  41.69  1.84  81.27  11.16  7.56 ]        0.808223      0.208597
  101       103       0.81726  [ 15.58  0.80  83.62  74.31  4.21  21.48 ]        0.234759      0.208597
  102       104      0.815629  [ 43.61  28.83  27.56  84.82  14.71  0.47 ]        0.605991      0.208597
  103       105      0.814001  [ 18.98  4.20  76.83  80.39  10.29  9.32 ]        0.247487      0.208597
  104       106      0.812376  [ 21.81  7.03  71.15  83.48  13.38  3.14 ]        0.313955      0.208597
  105       107      0.810754  [ 52.49  37.71  9.80  71.21  1.11  27.68 ]        0.742462      0.208597
  106       108      0.809136  [ 27.41  12.63  59.96  78.63  8.52  12.85 ]        0.394566      0.208597
  107       109      0.807521  [ 28.64  13.85  57.51  75.36  5.25  19.39 ]        0.410829      0.208597
  108       110      0.805909  [ 47.22  32.44  20.35  75.72  5.62  18.66 ]        0.663266      0.208597
  109       111      0.804301  [ 42.32  27.54  30.13  81.45  11.35  7.20 ]        0.579828      0.208597
  110       112      0.802695  [ 35.23  20.45  44.33  77.10  6.99  15.91 ]        0.509117      0.208597
  111       113      0.801093  [ 47.31  32.53  20.16  72.83  2.72  24.45 ]        0.683772      0.208597
  112       114      0.799494  [ 43.60  28.82  27.58  75.63  5.52  18.85 ]        0.574171      0.208597
  113       115      0.797898  [ 51.66  36.88  11.46  83.85  13.75  2.40 ]        0.775696      0.208597
  114       116      0.796306  [ 23.15  8.37  68.49  79.18  9.08  11.74 ]        0.355675      0.208597
  115       117      0.794716  [ 41.05  26.27  32.69  76.32  6.22  17.46 ]        0.583363      0.208597
  116       118       0.79313  [ 15.43  0.65  83.93  81.52  11.41  7.08 ]         0.22486      0.208597
  117       119      0.791547  [ 32.83  18.05  49.13  81.55  11.44  7.01 ]        0.446891      0.208597
  118       120      0.789967  [ 26.82  12.04  61.14  79.43  9.32  11.24 ]         0.36911      0.208597
  119       121       0.78839  [ 24.11  9.33  66.56  76.73  6.63  16.64 ]        0.338704      0.208597
  120       122      0.786816  [ 17.85  3.07  79.09  78.23  8.13  13.64 ]        0.264458      0.208597
  121       123      0.785246  [ 34.69  19.91  45.40  77.02  6.92  16.06 ]        0.506288      0.208597
  122       124      0.783679  [ 56.01  41.23  2.77  75.93  5.82  18.25 ]         0.79196      0.208597
  123       125      0.782114  [ 36.15  21.37  42.49  79.90  9.80  10.30 ]        0.540937      0.208597
  124       126      0.780553  [ 21.82  7.04  71.14  71.29  1.19  27.52 ]        0.318905      0.208597
  125       127      0.778995  [ 26.98  12.20  60.82  80.10  9.99  9.91 ]        0.372645      0.208597
  126       128       0.77744  [ 14.85  0.07  85.09  80.96  10.85  8.19 ]        0.213546      0.208597
  127       129      0.775889  [ 43.80  29.02  27.18  83.96  13.85  2.19 ]        0.634982      0.208597
  128       130       0.77434  [ 25.85  11.06  63.09  73.88  3.77  22.35 ]        0.371938      0.208597
  129       131      0.772794  [ 33.95  19.17  46.87  70.30  0.19  29.51 ]        0.444063      0.208597
  130       132      0.771252  [ 51.14  36.36  12.50  72.83  2.73  24.44 ]        0.714885      0.208597
  131       133      0.769712  [ 23.39  8.61  68.01  78.44  8.33  13.23 ]         0.32739      0.208597
  132       134      0.768176  [ 37.91  23.13  38.96  72.48  2.38  25.14 ]        0.556493      0.208597
  133       135      0.766643  [ 26.45  11.67  61.87  79.17  9.06  11.77 ]        0.388202      0.208597
  134       136      0.765113  [ 17.75  2.97  79.28  72.90  2.79  24.31 ]        0.258094      0.208597
  135       137      0.763585  [ 16.96  2.18  80.85  82.33  12.22  5.45 ]        0.265165      0.208597
  136       138      0.762061  [ 16.96  2.18  80.85  82.33  12.22  5.45 ]        0.265165      0.208597
  137       139       0.76054  [ 28.08  13.30  58.62  83.17  13.06  3.77 ]        0.404465      0.208597
  138       140      0.759022  [ 28.08  13.30  58.62  83.17  13.06  3.77 ]        0.404465      0.208597
  139       141      0.757507  [ 16.09  1.31  82.61  83.30  13.20  3.50 ]        0.245366      0.208597
  140       142      0.755995  [ 29.82  15.04  55.15  75.84  5.73  18.43 ]        0.431335      0.208597
  141       143      0.754486  [ 33.27  18.49  48.24  72.46  2.35  25.20 ]        0.477297      0.208597
  142       144       0.75298  [ 31.52  16.74  51.73  80.06  9.95  9.99 ]        0.436285      0.208597
  143       145      0.751477  [ 49.97  35.19  14.84  81.79  11.68  6.54 ]        0.726906      0.208597
  144       146      0.749977  [ 25.29  10.51  64.20  79.48  9.37  11.15 ]         0.39103      0.208597
  145       147       0.74848  [ 54.29  39.51  6.21  76.97  6.86  16.17 ]         0.76509      0.208597
  146       148      0.746986  [ 46.61  31.83  21.56  72.44  2.33  25.23 ]        0.655488      0.208597
  147       149      0.745495  [ 28.22  13.44  58.34  80.45  10.34  9.21 ]        0.379009      0.208597
  148       150      0.744007  [ 15.10  0.32  84.58  82.03  11.92  6.05 ]        0.226274      0.208597
  149       151      0.742522  [ 15.10  0.32  84.58  82.03  11.92  6.05 ]        0.226274      0.208597
  150       152       0.74104  [ 38.86  24.08  37.06  70.18  0.08  29.74 ]        0.548008      0.208597
  151       153      0.739561  [ 16.06  1.28  82.66  77.72  7.62  14.66 ]        0.230517      0.208597
  152       154      0.738085  [ 53.33  38.54  8.13  84.03  13.93  2.04 ]        0.762968      0.208597
  153       155      0.736612  [ 16.57  1.79  81.65  80.31  10.20  9.49 ]        0.215668      0.208597
  154       156      0.735141  [ 21.86  7.08  71.07  79.23  9.13  11.64 ]        0.321026      0.208597
  155       157      0.733674  [ 49.25  34.47  16.28  70.99  0.88  28.13 ]        0.708521      0.208597
  156       158       0.73221  [ 42.21  27.43  30.36  73.07  2.97  23.96 ]         0.61589      0.208597
  157       159      0.730748  [ 42.01  27.23  30.75  70.59  0.49  28.92 ]        0.598919      0.208597
  158       160       0.72929  [ 42.06  27.28  30.67  76.65  6.54  16.82 ]        0.612354      0.208597
  159       161      0.727834  [ 42.58  27.80  29.62  71.27  1.17  27.56 ]        0.601748      0.208597
  160       162      0.726381  [ 36.65  21.87  41.47  83.86  13.75  2.38 ]        0.499217      0.208597
  161       163      0.724931  [ 45.48  30.69  23.83  84.46  14.36  1.18 ]         0.62579      0.208597
  162       164      0.723484  [ 28.60  13.82  57.57  72.84  2.73  24.43 ]        0.399515      0.208597
  163       165       0.72204  [ 16.83  2.05  81.13  80.19  10.08  9.73 ]        0.229103      0.208597
  164       166      0.720599  [ 21.11  6.33  72.57  79.94  9.83  10.23 ]        0.296985      0.208597
  165       167      0.719161  [ 56.74  41.96  1.29  70.79  0.68  28.53 ]        0.788424      0.208597
  166       168      0.717725  [ 38.08  23.30  38.61  84.54  14.43  1.03 ]        0.517602      0.208597
  167       169      0.716293  [ 18.94  4.16  76.91  80.69  10.59  8.72 ]        0.270115      0.208597
  168       170      0.714863  [ 33.78  18.99  47.23  82.01  11.90  6.09 ]        0.441235      0.208597
  169       171      0.713436  [ 42.68  27.90  29.42  84.60  14.49  0.91 ]        0.616597      0.208597
  170       172      0.712012  [ 35.78  21.00  43.23  75.11  5.00  19.89 ]        0.512652      0.208597
  171       173      0.710591  [ 25.18  10.40  64.43  77.77  7.67  14.56 ]        0.330926      0.208597
  172       174      0.709173  [ 33.16  18.38  48.46  77.47  7.36  15.17 ]        0.463862      0.208597
  173       175      0.707757  [ 23.26  8.47  68.27  73.17  3.07  23.76 ]        0.337997      0.208597
  174       176      0.706344  [ 22.22  7.44  70.34  72.24  2.14  25.62 ]        0.311127      0.208597
  175       177      0.704934  [ 30.26  15.48  54.25  83.68  13.58  2.74 ]        0.425678      0.208597
  176       178      0.703527  [ 16.38  1.60  82.02  72.21  2.11  25.68 ]        0.253851      0.208597
  177       179      0.702123  [ 46.95  32.17  20.88  79.40  9.29  11.31 ]        0.678115      0.208597
  178       180      0.700722  [ 31.70  16.92  51.37  71.33  1.22  27.45 ]        0.455377      0.208597
  179       181      0.699323  [ 36.08  21.30  42.62  84.62  14.51  0.87 ]        0.517602      0.208597
  180       182      0.697927  [ 16.03  1.25  82.71  76.62  6.51  16.86 ]         0.24678      0.208597
  181       183      0.696534  [ 49.36  34.58  16.05  72.11  2.00  25.89 ]        0.742462      0.208597
  182       184      0.695144  [ 48.66  33.88  17.46  79.17  9.06  11.77 ]        0.671751      0.208597
  183       185      0.693756  [ 48.79  34.01  17.20  77.58  7.47  14.95 ]        0.673873      0.208597
  184       186      0.692372  [ 29.09  14.31  56.61  71.39  1.28  27.33 ]        0.426385      0.208597
  185       187       0.69099  [ 51.41  36.63  11.96  84.62  14.51  0.86 ]        0.725492      0.208597
  186       188       0.68961  [ 25.22  10.44  64.34  76.73  6.63  16.64 ]        0.367696      0.208597
  187       189      0.688234  [ 29.97  15.19  54.84  76.08  5.97  17.95 ]        0.434871      0.208597
  188       190       0.68686  [ 29.97  15.19  54.84  76.08  5.97  17.95 ]        0.434871      0.208597
  189       191      0.685489  [ 24.70  9.91  65.39  80.77  10.66  8.57 ]        0.347897      0.208597
  190       192      0.684121  [ 24.70  9.91  65.39  80.77  10.66  8.57 ]        0.347897      0.208597
  191       193      0.682755  [ 24.70  9.91  65.39  80.77  10.66  8.57 ]        0.347897      0.208597
  192       194      0.681393  [ 24.70  9.91  65.39  80.77  10.66  8.57 ]        0.347897      0.208597
  193       195      0.680033  [ 51.69  36.90  11.41  82.16  12.05  5.79 ]        0.753069      0.208597
  194       196      0.678675  [ 18.97  4.18  76.85  84.99  14.88  0.13 ]        0.266579      0.208597
  195       197      0.677321  [ 29.35  14.57  56.08  81.81  11.70  6.49 ]        0.446891      0.208597
  196       198      0.675969  [ 22.58  7.80  69.62  71.06  0.96  27.98 ]         0.30547      0.208597
  197       199      0.674619  [ 22.32  7.54  70.14  82.15  12.04  5.82 ]        0.316077      0.208597
  198       200      0.673273  [ 19.41  4.63  75.95  79.28  9.18  11.54 ]        0.282136      0.208597
  199       201      0.671929  [ 44.98  30.20  24.81  70.50  0.40  29.10 ]        0.651245      0.208597
  200       202      0.670588  [ 29.49  14.71  55.79  81.17  11.06  7.77 ]        0.408001      0.208597
  201       203      0.669249  [ 32.54  17.76  49.70  75.36  5.25  19.39 ]         0.44972      0.208597
  202       204      0.667914  [ 32.65  17.87  49.48  84.91  14.80  0.29 ]        0.463155      0.208597
  203       205       0.66658  [ 25.12  10.34  64.53  70.59  0.48  28.92 ]        0.345068      0.208597
  204       206       0.66525  [ 47.63  32.84  19.53  75.09  4.98  19.93 ]        0.680237      0.208597
  205       207      0.663922  [ 23.04  8.25  68.71  75.72  5.61  18.67 ]        0.331633      0.208597
  206       208      0.662597  [ 34.31  19.53  46.16  77.74  7.64  14.62 ]        0.469519      0.208597
  207       209      0.661274  [ 34.15  19.36  46.49  77.38  7.28  15.34 ]         0.45467      0.208597
  208       210      0.659954  [ 22.09  7.31  70.60  73.73  3.62  22.65 ]        0.307591      0.208597
  209       211      0.658637  [ 22.09  7.31  70.60  73.73  3.62  22.65 ]        0.307591      0.208597
  210       212      0.657322  [ 42.23  27.45  30.32  74.91  4.80  20.29 ]         0.58902      0.208597
  211       213       0.65601  [ 35.94  21.15  42.91  76.05  5.95  18.00 ]        0.504167      0.208597
  212       214      0.654701  [ 51.86  37.08  11.05  76.60  6.50  16.90 ]        0.744583      0.208597
  213       215      0.653394  [ 25.19  10.41  64.40  78.56  8.45  12.99 ]        0.364867      0.208597
  214       216       0.65209  [ 53.42  38.64  7.94  77.40  7.30  15.30 ]        0.757311      0.208597
  215       217      0.650789  [ 53.42  38.64  7.94  77.40  7.30  15.30 ]        0.757311      0.208597
  216       218       0.64949  [ 23.25  8.46  68.29  77.15  7.05  15.80 ]        0.323855      0.208597
  217       219      0.648193  [ 48.84  34.06  17.11  70.47  0.37  29.16 ]        0.661145      0.208597
  218       220      0.646899  [ 33.56  18.77  47.67  73.46  3.36  23.18 ]        0.458912      0.208597
  219       221      0.645608  [ 24.90  10.12  64.98  77.74  7.63  14.64 ]        0.325269      0.208597
  220       222      0.644319  [ 26.33  11.54  62.13  72.59  2.49  24.92 ]        0.371231      0.208597
  221       223      0.643033  [ 31.53  16.75  51.73  73.86  3.75  22.39 ]        0.415072      0.208597
  222       224       0.64175  [ 24.00  9.22  66.79  74.11  4.01  21.88 ]        0.333754      0.208597
  223       225      0.640469  [ 22.81  8.03  69.16  84.99  14.89  0.12 ]        0.335169      0.208597
  224       226      0.639191  [ 22.81  8.03  69.16  84.99  14.89  0.12 ]        0.335169      0.208597
  225       227      0.637915  [ 22.81  8.03  69.16  84.99  14.89  0.12 ]        0.335169      0.208597
  226       228      0.636641  [ 25.36  10.58  64.07  82.20  12.10  5.70 ]        0.347189      0.208597
  227       229      0.635371  [ 25.36  10.58  64.07  82.20  12.10  5.70 ]        0.347189      0.208597
  228       230      0.634103  [ 33.65  18.87  47.48  73.09  2.99  23.92 ]        0.474469      0.208597
  229       231      0.632837  [ 17.13  2.35  80.53  81.44  11.33  7.23 ]        0.238295      0.208597
  230       232      0.631574  [ 38.83  24.05  37.11  76.97  6.86  16.16 ]        0.540937      0.208597
  231       233      0.630313  [ 26.77  11.99  61.25  70.22  0.11  29.67 ]        0.385373      0.208597
  232       234      0.629055  [ 26.23  11.45  62.32  76.85  6.74  16.41 ]        0.388909      0.208597
  233       235      0.627799  [ 29.10  14.32  56.59  79.79  9.69  10.52 ]        0.417193      0.208597
  234       236      0.626546  [ 32.86  18.08  49.07  79.50  9.39  11.11 ]        0.465276      0.208597
  235       237      0.625296  [ 32.86  18.08  49.07  79.50  9.39  11.11 ]        0.465276      0.208597
  236       238      0.624048  [ 33.98  19.19  46.83  74.23  4.13  21.64 ]         0.47659      0.208597
  237       239      0.622802  [ 52.74  37.95  9.31  76.04  5.93  18.03 ]        0.757311      0.208597
  238       240      0.621559  [ 24.42  9.64  65.94  74.54  4.43  21.03 ]        0.351432      0.208597
  239       241      0.620318  [ 24.42  9.64  65.94  74.54  4.43  21.03 ]        0.351432      0.208597
  240       242       0.61908  [ 26.60  11.82  61.59  71.30  1.19  27.51 ]        0.397394      0.208597
  241       243      0.617844  [ 17.75  2.96  79.29  70.37  0.27  29.36 ]        0.269408      0.208597
  242       244      0.616611  [ 17.75  2.96  79.29  70.37  0.27  29.36 ]        0.269408      0.208597
  243       245       0.61538  [ 15.45  0.67  83.88  80.59  10.49  8.92 ]        0.212132      0.208597
  244       246      0.614152  [ 15.45  0.67  83.88  80.59  10.49  8.92 ]        0.212132      0.208597
  245       247      0.612926  [ 45.98  31.20  22.82  72.52  2.41  25.07 ]        0.666095      0.208597
  246       248      0.611703  [ 51.53  36.75  11.73  82.71  12.60  4.69 ]        0.754483      0.208597
  247       249      0.610482  [ 54.27  39.49  6.25  82.85  12.74  4.41 ]         0.77711      0.208597
  248       250      0.609263  [ 53.39  38.61  7.99  77.31  7.21  15.48 ]        0.756604      0.208597
  249       251      0.608047  [ 21.88  7.10  71.02  73.12  3.02  23.86 ]        0.297692      0.208597
  250       252      0.606834  [ 24.73  9.95  65.31  74.46  4.35  21.19 ]        0.340825      0.208597
  251       253      0.605622  [ 56.11  41.32  2.57  75.97  5.87  18.16 ]        0.811051      0.208597
  252       254      0.604414  [ 21.40  6.62  71.98  84.31  14.20  1.49 ]        0.316784      0.208597
  253       255      0.603207  [ 30.93  16.15  52.92  82.52  12.42  5.06 ]        0.416486      0.208597
  254       256      0.602003  [ 14.85  0.07  85.08  70.44  0.33  29.23 ]         0.20294       0.20294
  255       257      0.600802  [ 14.85  0.07  85.08  70.44  0.33  29.23 ]         0.20294       0.20294
  256       258      0.599602  [ 14.85  0.07  85.08  70.44  0.33  29.23 ]         0.20294       0.20294
  257       259      0.598405  [ 14.85  0.07  85.08  70.44  0.33  29.23 ]         0.20294       0.20294
  258       260      0.597211  [ 14.97  0.19  84.84  70.25  0.14  29.61 ]        0.189505      0.189505
  259       261      0.596019  [ 14.97  0.19  84.84  70.25  0.14  29.61 ]        0.189505      0.189505
  260       262      0.594829  [ 14.97  0.19  84.84  70.25  0.14  29.61 ]        0.189505      0.189505
  261       263      0.593642  [ 25.51  10.73  63.77  82.53  12.42  5.05 ]        0.330219      0.189505
  262       264      0.592457  [ 28.13  13.35  58.51  76.93  6.82  16.25 ]        0.377595      0.189505
  263       265      0.591275  [ 50.44  35.66  13.90  79.38  9.28  11.34 ]        0.715592      0.189505
  264       266      0.590094  [ 30.63  15.85  53.52  72.70  2.59  24.71 ]        0.436285      0.189505
  265       267      0.588917  [ 19.68  4.89  75.43  77.76  7.65  14.59 ]        0.272236      0.189505
  266       268      0.587741  [ 23.17  8.39  68.43  82.81  12.70  4.49 ]        0.318905      0.189505
  267       269      0.586568  [ 25.83  11.05  63.11  78.77  8.67  12.56 ]        0.363453      0.189505
  268       270      0.585397  [ 40.39  25.61  33.99  73.43  3.33  23.24 ]        0.591141      0.189505
  269       271      0.584229  [ 44.87  30.09  25.04  73.71  3.60  22.70 ]        0.637103      0.189505
  270       272      0.583063  [ 44.22  29.44  26.34  70.26  0.15  29.59 ]        0.647003      0.189505
  271       273      0.581899  [ 22.58  7.80  69.62  77.55  7.44  15.01 ]        0.318905      0.189505
  272       274      0.580737  [ 33.32  18.54  48.14  71.13  1.02  27.85 ]        0.455377      0.189505
  273       275      0.579578  [ 43.64  28.86  27.51  80.05  9.94  10.01 ]        0.608819      0.189505
  274       276      0.578421  [ 25.29  10.51  64.20  82.77  12.67  4.56 ]        0.353553      0.189505
  275       277      0.577267  [ 42.63  27.85  29.51  80.09  9.98  9.92 ]        0.594677      0.189505
  276       278      0.576115  [ 37.30  22.52  40.18  71.00  0.90  28.10 ]        0.521138      0.189505
  277       279      0.574965  [ 16.66  1.88  81.46  81.04  10.93  8.03 ]        0.239002      0.189505
  278       280      0.573817  [ 16.66  1.88  81.46  81.04  10.93  8.03 ]        0.239002      0.189505
  279       281      0.572672  [ 52.90  38.12  8.98  76.24  6.13  17.63 ]        0.738927      0.189505
  280       282      0.571529  [ 35.72  20.94  43.33  79.47  9.37  11.16 ]        0.510531      0.189505
  281       283      0.570388  [ 55.22  40.44  4.34  78.71  8.61  12.68 ]        0.778525      0.189505
  282       284      0.569249  [ 27.65  12.87  59.47  80.07  9.96  9.97 ]        0.381838      0.189505
  283       285      0.568113  [ 28.92  14.14  56.94  73.63  3.53  22.84 ]         0.39103      0.189505
  284       286      0.566979  [ 28.92  14.14  56.94  73.63  3.53  22.84 ]         0.39103      0.189505
  285       287      0.565847  [ 43.05  28.27  28.67  78.67  8.57  12.76 ]        0.584777      0.189505
  286       288      0.564718  [ 46.52  31.74  21.75  71.46  1.35  27.19 ]        0.677408      0.189505
  287       289      0.563591  [ 51.63  36.84  11.53  81.67  11.56  6.77 ]        0.748826      0.189505
  288       290      0.562466  [ 31.65  16.87  51.48  82.87  12.77  4.36 ]        0.463155      0.189505
  289       291      0.561343  [ 21.97  7.19  70.84  78.93  8.83  12.24 ]        0.299813      0.189505
  290       292      0.560223  [ 47.62  32.83  19.55  79.25  9.14  11.61 ]        0.662559      0.189505
  291       293      0.559105  [ 24.44  9.66  65.89  82.69  12.59  4.72 ]        0.350725      0.189505
  292       294      0.557989  [ 25.18  10.40  64.42  73.34  3.24  23.42 ]        0.347897      0.189505
  293       295      0.556875  [ 20.30  5.52  74.18  73.62  3.52  22.86 ]        0.265165      0.189505
  294       296      0.555763  [ 17.89  3.11  78.99  81.08  10.98  7.94 ]        0.265165      0.189505
  295       297      0.554654  [ 16.73  1.95  81.31  78.89  8.78  12.33 ]        0.236174      0.189505
  296       298      0.553547  [ 30.98  16.19  52.83  74.63  4.52  20.85 ]        0.437699      0.189505
  297       299      0.552442  [ 40.23  25.45  34.31  70.13  0.03  29.84 ]        0.573464      0.189505
  298       300      0.551339  [ 38.07  23.29  38.64  75.73  5.62  18.65 ]        0.552958      0.189505
  299       301      0.550239  [ 44.18  29.39  26.43  77.32  7.22  15.46 ]        0.622254      0.189505
  300       302      0.549141  [ 15.21  0.43  84.36  80.40  10.30  9.30 ]        0.193747      0.189505
  301       303      0.548044  [ 15.21  0.43  84.36  80.40  10.30  9.30 ]        0.193747      0.189505
  302       304      0.546951  [ 19.24  4.46  76.30  74.92  4.81  20.27 ]         0.26163      0.189505
  303       305      0.545859  [ 19.24  4.46  76.30  74.92  4.81  20.27 ]         0.26163      0.189505
  304       306      0.544769  [ 23.73  8.95  67.31  71.50  1.39  27.11 ]         0.32739      0.189505
  305       307      0.543682  [ 23.73  8.95  67.31  71.50  1.39  27.11 ]         0.32739      0.189505
  306       308      0.542597  [ 15.23  0.45  84.33  77.01  6.90  16.09 ]        0.224153      0.189505
  307       309      0.541514  [ 27.75  12.96  59.29  73.79  3.68  22.53 ]        0.399515      0.189505
  308       310      0.540433  [ 27.75  12.96  59.29  73.79  3.68  22.53 ]        0.399515      0.189505
  309       311      0.539354  [ 26.83  12.05  61.13  81.30  11.19  7.51 ]        0.371231      0.189505
  310       312      0.538278  [ 20.50  5.72  73.79  76.67  6.56  16.77 ]        0.292035      0.189505
  311       313      0.537203  [ 14.92  0.14  84.94  71.68  1.57  26.75 ]        0.208597      0.189505
  312       314      0.536131  [ 29.46  14.67  55.87  74.42  4.31  21.27 ]        0.410122      0.189505
  313       315      0.535061  [ 26.02  11.23  62.75  73.61  3.50  22.89 ]        0.357796      0.189505
  314       316      0.533993  [ 25.32  10.54  64.13  78.35  8.25  13.40 ]        0.351432      0.189505
  315       317      0.532927  [ 21.57  6.79  71.65  81.89  11.79  6.32 ]        0.323855      0.189505
  316       318      0.531863  [ 17.29  2.51  80.20  79.05  8.94  12.01 ]        0.248194      0.189505
  317       319      0.530802  [ 31.38  16.60  52.02  73.13  3.03  23.84 ]        0.462448      0.189505
  318       320      0.529742  [ 22.59  7.81  69.60  73.12  3.02  23.86 ]        0.309713      0.189505
  319       321      0.528685  [ 15.23  0.45  84.33  73.56  3.46  22.98 ]        0.209304      0.189505
  320       322       0.52763  [ 27.28  12.50  60.23  83.01  12.90  4.09 ]        0.379009      0.189505
  321       323      0.526576  [ 32.32  17.54  50.14  70.72  0.62  28.66 ]        0.448306      0.189505
  322       324      0.525525  [ 27.01  12.23  60.75  76.45  6.34  17.21 ]        0.382545      0.189505
  323       325      0.524476  [ 30.84  16.06  53.10  84.68  14.58  0.74 ]        0.412243      0.189505
  324       326       0.52343  [ 18.64  3.86  77.50  82.32  12.22  5.46 ]        0.259508      0.189505
  325       327      0.522385  [ 21.35  6.57  72.08  82.36  12.25  5.39 ]        0.277186      0.189505
  326       328      0.521342  [ 38.01  23.23  38.76  83.39  13.28  3.33 ]        0.521845      0.189505
  327       329      0.520301  [ 32.85  18.07  49.09  80.21  10.10  9.69 ]        0.468812      0.189505
  328       330      0.519263  [ 23.45  8.67  67.88  75.50  5.40  19.10 ]        0.335169      0.189505
  329       331      0.518226  [ 23.45  8.67  67.88  75.50  5.40  19.10 ]        0.335169      0.189505
  330       332      0.517192  [ 21.78  7.00  71.22  81.77  11.67  6.56 ]        0.301227      0.189505
  331       333       0.51616  [ 49.09  34.31  16.60  70.15  0.05  29.80 ]        0.711349      0.189505
  332       334       0.51513  [ 19.93  5.15  74.92  75.91  5.80  18.29 ]        0.299813      0.189505
  333       335      0.514101  [ 41.59  26.81  31.60  70.78  0.67  28.55 ]        0.596798      0.189505
  334       336      0.513075  [ 23.19  8.41  68.41  84.55  14.44  1.01 ]        0.318905      0.189505
  335       337      0.512051  [ 23.19  8.41  68.41  84.55  14.44  1.01 ]        0.318905      0.189505
  336       338      0.511029  [ 40.86  26.08  33.07  79.95  9.85  10.20 ]        0.560029      0.189505
  337       339      0.510009  [ 37.27  22.49  40.25  78.83  8.73  12.44 ]        0.533159      0.189505
  338       340      0.508991  [ 40.31  25.53  34.15  80.24  10.14  9.62 ]          0.5671      0.189505
  339       341      0.507975  [ 34.90  20.12  44.98  77.87  7.76  14.37 ]        0.480833      0.189505
  340       342      0.506961  [ 51.62  36.84  11.54  73.84  3.74  22.42 ]        0.741048      0.189505
  341       343      0.505949  [ 18.63  3.85  77.52  79.76  9.66  10.58 ]        0.272236      0.189505
  342       344      0.504939  [ 18.63  3.85  77.52  79.76  9.66  10.58 ]        0.272236      0.189505
  343       345      0.503932  [ 27.67  12.89  59.44  82.66  12.55  4.79 ]        0.404465      0.189505
  344       346      0.502926  [ 15.67  0.89  83.44  76.94  6.84  16.22 ]        0.224153      0.189505
  345       347      0.501922  [ 15.67  0.89  83.44  76.94  6.84  16.22 ]        0.224153      0.189505
  346       348       0.50092  [ 31.72  16.94  51.33  84.42  14.32  1.26 ]        0.444063      0.189505
