******************Parametres initiaux***********************
Points do we try before stepping :N_TRIES=1
Iterations for each T :ITERS_FIXED_T=1
Step size in random walk :STEP_SIZE=200.000000
Boltzmann constant :K=1.000000
Initial temperature :T_INITIAL=1.000000
Damping factor for temperature MU_T=1.002000
Minimal Temperature T_MIN=5.000000e-01
Initial state :15.36	66.72	31.00	12.61	
*************************************************************
#-iter  #-evals   temperature     position   energy
    0         2             1  [ 6.78  58.13  35.09  48.41  30.02  21.56 ]       0.0898026     0.0898026
    1         3      0.998004  [ 6.61  57.97  35.42  41.85  23.45  34.70 ]       0.0855599     0.0855599
    2         4      0.996012  [ 13.21  64.56  22.23  35.73  17.34  46.93 ]        0.188798     0.0855599
    3         5      0.994024  [ 11.42  62.77  25.81  38.26  19.87  41.87 ]         0.16122     0.0855599
    4         6       0.99204  [ 16.00  67.35  16.65  47.63  29.23  23.14 ]        0.225567     0.0855599
    5         7       0.99006  [ 20.89  72.25  6.86  57.07  38.68  4.25 ]        0.303349     0.0855599
    6         8      0.988084  [ 2.69  54.04  43.27  46.06  27.67  26.28 ]       0.0388909     0.0388909
    7         9      0.986111  [ 23.47  74.82  1.70  44.51  26.12  29.37 ]        0.331633     0.0388909
    8        10      0.984143  [ 2.59  53.94  43.48  32.58  14.18  53.24 ]       0.0226274     0.0226274
    9        11      0.982179  [ 5.33  56.68  37.99  28.63  10.24  61.14 ]        0.072832     0.0226274
   10        12      0.980218  [ 15.50  66.85  17.65  24.51  6.12  69.36 ]         0.22486     0.0226274
   11        13      0.978262  [ 20.69  72.04  7.27  52.10  33.71  14.19 ]        0.285671     0.0226274
   12        14      0.976309  [ 11.98  63.33  24.69  50.27  31.88  17.85 ]        0.171827     0.0226274
   13        15       0.97436  [ 18.70  70.06  11.24  34.76  16.37  48.86 ]        0.254558     0.0226274
   14        16      0.972416  [ 9.95  61.31  28.74  22.64  4.25  73.11 ]        0.133643     0.0226274
   15        17      0.970475  [ 9.95  61.31  28.74  22.64  4.25  73.11 ]        0.133643     0.0226274
   16        18      0.968538  [ 4.58  55.94  39.48  56.68  38.29  5.03 ]       0.0749533     0.0226274
   17        19      0.966604  [ 4.58  55.94  39.48  56.68  38.29  5.03 ]       0.0749533     0.0226274
   18        20      0.964675  [ 13.13  64.48  22.39  37.05  18.66  44.29 ]        0.179605     0.0226274
   19        21      0.962749  [ 24.15  75.51  0.34  42.84  24.45  32.71 ]         0.32739     0.0226274
   20        22      0.960828  [ 10.48  61.83  27.69  21.35  2.96  75.69 ]        0.152735     0.0226274
   21        23       0.95891  [ 17.63  68.99  13.38  23.49  5.10  71.41 ]        0.249609     0.0226274
   22        24      0.956996  [ 6.29  57.65  36.06  44.79  26.40  28.81 ]       0.0799031     0.0226274
   23        25      0.955086  [ 6.29  57.65  36.06  44.79  26.40  28.81 ]       0.0799031     0.0226274
   24        26      0.953179  [ 24.06  75.41  0.54  27.64  9.24  63.12 ]        0.314663     0.0226274
   25        27      0.951277  [ 16.49  67.84  15.66  30.05  11.66  58.29 ]        0.230517     0.0226274
   26        28      0.949378  [ 15.32  66.68  18.00  27.56  9.17  63.27 ]        0.210718     0.0226274
   27        29      0.947483  [ 23.49  74.84  1.66  18.76  0.37  80.86 ]        0.331633     0.0226274
   28        30      0.945592  [ 17.17  68.53  14.30  58.15  39.76  2.09 ]        0.243245     0.0226274
   29        31      0.943705  [ 18.12  69.47  12.41  47.54  29.15  23.31 ]        0.253144     0.0226274
   30        32      0.941821  [ 19.01  70.36  10.63  34.40  16.01  49.59 ]        0.271529     0.0226274
   31        33      0.939941  [ 10.37  61.72  27.90  23.11  4.72  72.18 ]        0.145664     0.0226274
   32        34      0.938065  [ 7.47  58.82  33.71  33.89  15.50  50.61 ]        0.125158     0.0226274
   33        35      0.936193  [ 7.47  58.82  33.71  33.89  15.50  50.61 ]        0.125158     0.0226274
   34        36      0.934324  [ 22.49  73.84  3.67  45.07  26.68  28.25 ]        0.325269     0.0226274
   35        37      0.932459  [ 22.90  74.26  2.84  36.30  17.91  45.79 ]        0.316077     0.0226274
   36        38      0.930598  [ 21.39  72.74  5.88  27.16  8.77  64.07 ]        0.311127     0.0226274
   37        39       0.92874  [ 23.21  74.56  2.23  34.27  15.87  49.86 ]        0.312541     0.0226274
   38        40      0.926887  [ 0.40  51.75  47.85  32.88  14.49  52.63 ]      0.00282843    0.00282843
   39        41      0.925036  [ 19.96  71.32  8.72  20.97  2.58  76.45 ]        0.266579    0.00282843
   40        42       0.92319  [ 12.78  64.14  23.08  28.27  9.87  61.86 ]        0.185262    0.00282843
   41        43      0.921347  [ 16.39  67.74  15.88  35.08  16.69  48.23 ]        0.231931    0.00282843
   42        44      0.919508  [ 9.75  61.10  29.15  51.86  33.47  14.67 ]        0.136472    0.00282843
   43        45      0.917673  [ 2.41  53.77  43.82  54.60  36.21  9.18 ]       0.0367696    0.00282843
   44        46      0.915841  [ 6.79  58.14  35.07  46.01  27.61  26.38 ]       0.0855599    0.00282843
   45        47      0.914013  [ 20.92  72.27  6.81  58.57  40.18  1.25 ]        0.287792    0.00282843
   46        48      0.912189  [ 20.96  72.31  6.73  50.33  31.94  17.73 ]        0.287085    0.00282843
   47        49      0.910368  [ 10.75  62.10  27.16  40.35  21.96  37.69 ]          0.1393    0.00282843
   48        50      0.908551  [ 12.29  63.64  24.07  51.76  33.37  14.87 ]        0.172534    0.00282843
   49        51      0.906738  [ 9.54  60.89  29.57  49.94  31.54  18.52 ]        0.125865    0.00282843
   50        52      0.904928  [ 17.63  68.98  13.39  34.95  16.56  48.49 ]        0.258094    0.00282843
   51        53      0.903122  [ 22.54  73.89  3.57  21.44  3.04  75.52 ]        0.311834    0.00282843
   52        54      0.901319  [ 6.84  58.19  34.98  43.26  24.87  31.87 ]        0.092631    0.00282843
   53        55       0.89952  [ 3.37  54.72  41.91  43.17  24.78  32.05 ]       0.0509117    0.00282843
   54        56      0.897724  [ 12.13  63.49  24.38  36.37  17.98  45.66 ]        0.179605    0.00282843
   55        57      0.895933  [ 0.68  52.04  47.28  50.75  32.35  16.90 ]      0.00989949    0.00282843
   56        58      0.894144  [ 10.38  61.73  27.89  24.16  5.76  70.08 ]        0.154149    0.00282843
   57        59       0.89236  [ 11.31  62.66  26.03  34.77  16.38  48.86 ]        0.156978    0.00282843
   58        60      0.890578  [ 10.11  61.47  28.42  48.28  29.89  21.83 ]        0.131522    0.00282843
   59        61      0.888801  [ 4.42  55.78  39.80  34.60  16.20  49.20 ]       0.0685894    0.00282843
   60        62      0.887027  [ 13.94  65.29  20.77  50.05  31.65  18.30 ]        0.200818    0.00282843
   61        63      0.885256  [ 8.58  59.93  31.48  22.35  3.96  73.69 ]        0.132936    0.00282843
   62        64      0.883489  [ 17.41  68.76  13.83  28.05  9.65  62.30 ]        0.262337    0.00282843
   63        65      0.881726  [ 6.35  57.70  35.94  22.31  3.91  73.78 ]        0.110309    0.00282843
   64        66      0.879966  [ 3.67  55.03  41.30  44.38  25.99  29.63 ]       0.0537401    0.00282843
   65        67      0.878209  [ 3.96  55.31  40.73  41.98  23.59  34.43 ]       0.0480833    0.00282843
   66        68      0.876457  [ 8.93  60.28  30.78  56.63  38.24  5.13 ]        0.130108    0.00282843
   67        69      0.874707  [ 8.88  60.23  30.89  41.28  22.89  35.83 ]        0.118794    0.00282843
   68        70      0.872961  [ 19.55  70.90  9.55  18.70  0.31  80.99 ]        0.264458    0.00282843
   69        71      0.871219  [ 15.30  66.66  18.04  36.43  18.04  45.54 ]        0.224153    0.00282843
   70        72       0.86948  [ 1.86  53.21  44.93  24.97  6.57  68.46 ]       0.0233345    0.00282843
   71        73      0.867744  [ 15.40  66.76  17.84  38.78  20.39  40.83 ]        0.205061    0.00282843
   72        74      0.866012  [ 2.47  53.82  43.71  50.97  32.58  16.45 ]       0.0318198    0.00282843
   73        75      0.864284  [ 2.47  53.82  43.71  50.97  32.58  16.45 ]       0.0318198    0.00282843
   74        76      0.862559  [ 13.57  64.92  21.51  41.74  23.35  34.91 ]        0.193747    0.00282843
   75        77      0.860837  [ 12.08  63.44  24.48  22.16  3.77  74.06 ]        0.181726    0.00282843
   76        78      0.859119  [ 12.99  64.35  22.66  39.55  21.15  39.30 ]        0.188798    0.00282843
   77        79      0.857404  [ 13.93  65.29  20.78  54.09  35.70  10.21 ]        0.205768    0.00282843
   78        80      0.855692  [ 1.86  53.22  44.92  30.55  12.15  57.30 ]       0.0304056    0.00282843
   79        81      0.853985  [ 20.02  71.37  8.61  24.20  5.80  70.00 ]        0.290621    0.00282843
   80        82       0.85228  [ 14.97  66.32  18.71  39.20  20.81  39.99 ]        0.197283    0.00282843
   81        83      0.850579  [ 14.01  65.36  20.64  42.56  24.17  33.27 ]        0.204354    0.00282843
   82        84      0.848881  [ 20.54  71.90  7.56  23.07  4.68  72.25 ]        0.292742    0.00282843
   83        85      0.847187  [ 9.09  60.44  30.47  19.52  1.13  79.35 ]        0.114551    0.00282843
   84        86      0.845496  [ 2.07  53.43  44.50  35.95  17.56  46.49 ]       0.0339411    0.00282843
   85        87      0.843808  [ 18.58  69.93  11.49  23.52  5.13  71.35 ]        0.262337    0.00282843
   86        88      0.842124  [ 23.62  74.97  1.41  32.05  13.65  54.30 ]        0.347189    0.00282843
   87        89      0.840443  [ 14.20  65.55  20.26  50.03  31.64  18.33 ]        0.203647    0.00282843
   88        90      0.838765  [ 4.61  55.97  39.42  48.20  29.81  21.99 ]       0.0579828    0.00282843
   89        91      0.837091  [ 4.61  55.97  39.42  48.20  29.81  21.99 ]       0.0579828    0.00282843
   90        92       0.83542  [ 2.91  54.26  42.84  38.92  20.53  40.54 ]       0.0339411    0.00282843
   91        93      0.833753  [ 2.91  54.26  42.84  38.92  20.53  40.54 ]       0.0339411    0.00282843
   92        94      0.832089  [ 2.20  53.55  44.25  52.81  34.42  12.77 ]       0.0374767    0.00282843
   93        95      0.830428  [ 10.00  61.35  28.65  32.00  13.61  54.40 ]        0.132229    0.00282843
   94        96       0.82877  [ 10.00  61.35  28.65  32.00  13.61  54.40 ]        0.132229    0.00282843
   95        97      0.827116  [ 18.28  69.63  12.09  44.43  26.04  29.54 ]        0.274357    0.00282843
   96        98      0.825465  [ 3.66  55.01  41.33  39.74  21.35  38.91 ]       0.0480833    0.00282843
   97        99      0.823817  [ 5.79  57.15  37.06  44.69  26.29  29.02 ]       0.0820244    0.00282843
   98       100      0.822173  [ 20.05  71.41  8.54  29.03  10.64  60.33 ]        0.270822    0.00282843
   99       101      0.820532  [ 8.01  59.37  32.62  36.79  18.40  44.82 ]        0.104652    0.00282843
  100       102      0.818894  [ 8.67  60.03  31.30  25.96  7.57  66.47 ]        0.130815    0.00282843
  101       103       0.81726  [ 2.46  53.82  43.72  18.74  0.35  80.92 ]       0.0403051    0.00282843
  102       104      0.815629  [ 0.88  52.24  46.88  32.89  14.50  52.60 ]       0.0141421    0.00282843
  103       105      0.814001  [ 0.88  52.24  46.88  32.89  14.50  52.60 ]       0.0141421    0.00282843
  104       106      0.812376  [ 2.44  53.80  43.76  57.98  39.58  2.44 ]       0.0417193    0.00282843
  105       107      0.810754  [ 16.59  67.94  15.46  26.55  8.15  65.30 ]        0.213546    0.00282843
  106       108      0.809136  [ 12.69  64.04  23.27  45.62  27.23  27.15 ]        0.175362    0.00282843
  107       109      0.807521  [ 9.79  61.14  29.07  59.11  40.72  0.17 ]        0.130108    0.00282843
  108       110      0.805909  [ 16.98  68.34  14.68  52.91  34.51  12.58 ]        0.239709    0.00282843
  109       111      0.804301  [ 17.96  69.32  12.72  31.88  13.49  54.63 ]        0.244659    0.00282843
  110       112      0.802695  [ 22.26  73.62  4.12  43.22  24.83  31.95 ]        0.311834    0.00282843
  111       113      0.801093  [ 21.83  73.19  4.98  31.21  12.82  55.97 ]         0.31042    0.00282843
  112       114      0.799494  [ 5.78  57.13  37.09  53.93  35.54  10.52 ]       0.0735391    0.00282843
  113       115      0.797898  [ 2.57  53.93  43.50  26.74  8.35  64.91 ]       0.0296985    0.00282843
  114       116      0.796306  [ 10.01  61.36  28.63  25.26  6.86  67.88 ]          0.1393    0.00282843
  115       117      0.794716  [ 12.72  64.07  23.21  24.68  6.29  69.03 ]        0.185262    0.00282843
  116       118       0.79313  [ 6.73  58.09  35.18  28.46  10.06  61.48 ]       0.0919239    0.00282843
  117       119      0.791547  [ 6.13  57.48  36.39  57.46  39.07  3.47 ]       0.0841457    0.00282843
  118       120      0.789967  [ 10.29  61.65  28.06  39.12  20.72  40.16 ]        0.132936    0.00282843
  119       121       0.78839  [ 12.35  63.71  23.94  18.78  0.39  80.83 ]        0.184555    0.00282843
  120       122      0.786816  [ 17.78  69.13  13.09  36.32  17.93  45.76 ]        0.262337    0.00282843
  121       123      0.785246  [ 22.36  73.72  3.92  22.67  4.28  73.04 ]        0.321734    0.00282843
  122       124      0.783679  [ 1.19  52.55  46.26  30.09  11.70  58.21 ]        0.013435    0.00282843
  123       125      0.782114  [ 1.52  52.87  45.61  20.33  1.94  77.73 ]       0.0254558    0.00282843
  124       126      0.780553  [ 11.06  62.42  26.52  20.32  1.93  77.75 ]        0.152735    0.00282843
  125       127      0.778995  [ 4.20  55.55  40.25  25.65  7.26  67.09 ]       0.0558614    0.00282843
  126       128       0.77744  [ 0.39  51.75  47.86  23.36  4.97  71.67 ]      0.00565685    0.00282843
  127       129      0.775889  [ 16.88  68.23  14.89  56.41  38.01  5.58 ]        0.222032    0.00282843
  128       130       0.77434  [ 12.59  63.95  23.46  34.47  16.07  49.46 ]        0.180312    0.00282843
  129       131      0.772794  [ 8.33  59.69  31.98  38.67  20.27  41.06 ]       0.0997021    0.00282843
  130       132      0.771252  [ 15.45  66.80  17.75  24.95  6.56  68.49 ]        0.217082    0.00282843
  131       133      0.769712  [ 15.45  66.80  17.75  24.95  6.56  68.49 ]        0.217082    0.00282843
  132       134      0.768176  [ 6.62  57.97  35.41  45.71  27.32  26.97 ]        0.101116    0.00282843
  133       135      0.766643  [ 15.75  67.10  17.15  20.36  1.96  77.68 ]        0.225567    0.00282843
  134       136      0.765113  [ 13.63  64.98  21.39  30.19  11.79  58.02 ]        0.186676    0.00282843
  135       137      0.763585  [ 9.51  60.87  29.62  49.73  31.34  18.93 ]        0.138593    0.00282843
  136       138      0.762061  [ 3.00  54.35  42.64  36.08  17.68  46.24 ]       0.0417193    0.00282843
  137       139       0.76054  [ 23.12  74.47  2.41  55.42  37.03  7.55 ]        0.329512    0.00282843
  138       140      0.759022  [ 2.70  54.06  43.24  36.57  18.18  45.25 ]       0.0289914    0.00282843
  139       141      0.757507  [ 2.70  54.06  43.24  36.57  18.18  45.25 ]       0.0289914    0.00282843
  140       142      0.755995  [ 1.56  52.91  45.53  40.10  21.71  38.18 ]       0.0226274    0.00282843
  141       143      0.754486  [ 7.13  58.48  34.38  49.95  31.56  18.49 ]        0.108894    0.00282843
  142       144       0.75298  [ 9.52  60.88  29.60  45.83  27.44  26.73 ]        0.135057    0.00282843
  143       145      0.751477  [ 5.15  56.50  38.35  43.78  25.39  30.83 ]       0.0721249    0.00282843
  144       146      0.749977  [ 8.75  60.10  31.15  31.69  13.29  55.02 ]        0.137179    0.00282843
  145       147       0.74848  [ 8.56  59.91  31.53  50.48  32.09  17.43 ]        0.121622    0.00282843
  146       148      0.746986  [ 8.56  59.91  31.53  50.48  32.09  17.43 ]        0.121622    0.00282843
  147       149      0.745495  [ 3.92  55.28  40.80  54.85  36.46  8.69 ]       0.0537401    0.00282843
  148       150      0.744007  [ 11.08  62.44  26.48  32.63  14.24  53.13 ]        0.154149    0.00282843
  149       151      0.742522  [ 0.07  51.42  48.51  36.59  18.19  45.22 ]               0             0
  150       152       0.74104  [ 11.17  62.53  26.30  28.02  9.63  62.35 ]        0.165463             0
  151       153      0.739561  [ 23.82  75.18  1.00  29.97  11.58  58.45 ]        0.352846             0
  152       154      0.738085  [ 16.86  68.21  14.93  26.72  8.33  64.95 ]        0.253851             0
  153       155      0.736612  [ 11.62  62.97  25.40  37.32  18.92  43.76 ]        0.152735             0
  154       156      0.735141  [ 11.74  63.09  25.18  30.74  12.35  56.91 ]        0.172534             0
  155       157      0.733674  [ 6.68  58.04  35.28  37.02  18.63  44.35 ]       0.0841457             0
  156       158       0.73221  [ 4.30  55.66  40.04  56.42  38.03  5.55 ]       0.0707107             0
  157       159      0.730748  [ 7.22  58.58  34.20  25.72  7.33  66.95 ]        0.111723             0
  158       160       0.72929  [ 2.55  53.90  43.55  33.15  14.76  52.09 ]       0.0381838             0
  159       161      0.727834  [ 2.55  53.90  43.55  33.15  14.76  52.09 ]       0.0381838             0
  160       162      0.726381  [ 15.64  67.00  17.36  37.20  18.80  44.00 ]        0.210718             0
  161       163      0.724931  [ 5.69  57.04  37.27  27.83  9.44  62.72 ]       0.0692965             0
  162       164      0.723484  [ 6.57  57.92  35.51  38.03  19.64  42.32 ]         0.10748             0
  163       165       0.72204  [ 2.03  53.39  44.58  32.45  14.06  53.49 ]        0.019799             0
  164       166      0.720599  [ 22.48  73.84  3.68  54.78  36.38  8.84 ]        0.325269             0
  165       167      0.719161  [ 4.92  56.27  38.81  34.94  16.55  48.50 ]       0.0742462             0
  166       168      0.717725  [ 0.48  51.83  47.69  42.19  23.80  34.01 ]      0.00636396             0
  167       169      0.716293  [ 22.80  74.16  3.04  18.59  0.20  81.21 ]        0.325269             0
  168       170      0.714863  [ 3.46  54.82  41.72  55.82  37.43  6.76 ]       0.0579828             0
  169       171      0.713436  [ 7.76  59.11  33.12  58.06  39.67  2.27 ]         0.11243             0
  170       172      0.712012  [ 12.92  64.28  22.80  26.79  8.40  64.81 ]        0.171827             0
  171       173      0.710591  [ 5.81  57.16  37.03  57.58  39.19  3.22 ]       0.0841457             0
  172       174      0.709173  [ 6.70  58.05  35.25  58.26  39.87  1.88 ]       0.0919239             0
  173       175      0.707757  [ 0.86  52.22  46.92  38.62  20.23  41.15 ]       0.0120208             0
  174       176      0.706344  [ 1.59  52.94  45.47  43.85  25.46  30.69 ]        0.013435             0
  175       177      0.704934  [ 1.59  52.94  45.47  43.85  25.46  30.69 ]        0.013435             0
  176       178      0.703527  [ 1.59  52.94  45.47  43.85  25.46  30.69 ]        0.013435             0
  177       179      0.702123  [ 2.80  54.15  43.04  42.83  24.44  32.73 ]       0.0445477             0
  178       180      0.700722  [ 2.80  54.15  43.04  42.83  24.44  32.73 ]       0.0445477             0
  179       181      0.699323  [ 7.30  58.65  34.04  39.23  20.83  39.94 ]        0.113137             0
  180       182      0.697927  [ 19.38  70.74  9.88  24.04  5.65  70.31 ]        0.296278             0
  181       183      0.696534  [ 22.56  73.91  3.53  27.25  8.86  63.89 ]         0.30052             0
  182       184      0.695144  [ 13.84  65.19  20.97  36.19  17.80  46.01 ]         0.21991             0
  183       185      0.693756  [ 16.50  67.85  15.66  47.10  28.71  24.19 ]        0.244659             0
  184       186      0.692372  [ 17.31  68.66  14.03  39.69  21.29  39.02 ]        0.253851             0
  185       187       0.69099  [ 10.25  61.60  28.15  53.38  34.98  11.64 ]        0.133643             0
  186       188       0.68961  [ 3.09  54.44  42.47  37.81  19.42  42.77 ]       0.0494975             0
  187       189      0.688234  [ 4.50  55.85  39.65  45.51  27.11  27.38 ]       0.0685894             0
  188       190       0.68686  [ 17.86  69.21  12.92  41.21  22.82  35.97 ]        0.258094             0
  189       191      0.685489  [ 12.44  63.80  23.76  55.39  36.99  7.62 ]        0.181019             0
  190       192      0.684121  [ 9.02  60.38  30.60  43.12  24.72  32.16 ]        0.140007             0
  191       193      0.682755  [ 16.76  68.12  15.12  28.52  10.13  61.35 ]        0.236881             0
  192       194      0.681393  [ 13.03  64.39  22.58  48.08  29.69  22.23 ]        0.193747             0
  193       195      0.680033  [ 9.42  60.77  29.82  33.76  15.37  50.87 ]         0.11738             0
  194       196      0.678675  [ 14.39  65.74  19.87  48.79  30.39  20.82 ]        0.217789             0
  195       197      0.677321  [ 2.87  54.23  42.90  22.29  3.89  73.82 ]       0.0516188             0
  196       198      0.675969  [ 2.87  54.23  42.90  22.29  3.89  73.82 ]       0.0516188             0
  197       199      0.674619  [ 23.96  75.31  0.73  46.91  28.51  24.58 ]        0.319612             0
  198       200      0.673273  [ 8.71  60.07  31.22  56.51  38.12  5.37 ]        0.120915             0
  199       201      0.671929  [ 18.79  70.14  11.07  31.78  13.39  54.83 ]        0.255973             0
  200       202      0.670588  [ 15.79  67.15  17.06  27.19  8.80  64.01 ]        0.203647             0
  201       203      0.669249  [ 20.19  71.54  8.26  48.02  29.63  22.34 ]        0.282843             0
  202       204      0.667914  [ 5.56  56.91  37.54  47.41  29.02  23.57 ]        0.086267             0
  203       205       0.66658  [ 5.56  56.91  37.54  47.41  29.02  23.57 ]        0.086267             0
  204       206       0.66525  [ 19.81  71.16  9.03  41.92  23.52  34.56 ]        0.269408             0
  205       207      0.663922  [ 1.64  53.00  45.36  37.80  19.41  42.79 ]       0.0311127             0
  206       208      0.662597  [ 1.64  53.00  45.36  37.80  19.41  42.79 ]       0.0311127             0
  207       209      0.661274  [ 1.64  53.00  45.36  37.80  19.41  42.79 ]       0.0311127             0
  208       210      0.659954  [ 12.34  63.69  23.97  29.50  11.11  59.39 ]        0.176777             0
  209       211      0.658637  [ 5.68  57.03  37.29  48.20  29.80  22.00 ]       0.0869741             0
  210       212      0.657322  [ 7.77  59.12  33.11  48.12  29.73  22.15 ]        0.114551             0
  211       213       0.65601  [ 0.54  51.89  47.57  55.91  37.52  6.58 ]      0.00424264             0
  212       214      0.654701  [ 18.04  69.39  12.57  42.68  24.29  33.03 ]        0.248194             0
  213       215      0.653394  [ 10.54  61.89  27.57  39.46  21.07  39.47 ]        0.137179             0
  214       216       0.65209  [ 9.55  60.90  29.54  56.42  38.03  5.55 ]        0.124451             0
  215       217      0.650789  [ 14.93  66.28  18.78  33.24  14.84  51.92 ]        0.200111             0
  216       218       0.64949  [ 3.57  54.93  41.50  39.94  21.54  38.52 ]       0.0410122             0
  217       219      0.648193  [ 13.78  65.13  21.09  21.01  2.61  76.38 ]         0.18809             0
  218       220      0.646899  [ 5.62  56.98  37.40  18.75  0.36  80.89 ]       0.0919239             0
  219       221      0.645608  [ 13.42  64.78  21.80  31.53  13.13  55.34 ]        0.190919             0
  220       222      0.644319  [ 7.47  58.82  33.71  59.01  40.62  0.38 ]        0.101823             0
  221       223      0.643033  [ 7.47  58.82  33.71  59.01  40.62  0.38 ]        0.101823             0
  222       224       0.64175  [ 8.13  59.48  32.39  42.68  24.29  33.04 ]        0.103238             0
  223       225      0.640469  [ 0.46  51.81  47.73  52.20  33.81  13.99 ]       0.0106066             0
  224       226      0.639191  [ 1.25  52.61  46.14  24.33  5.93  69.74 ]       0.0183848             0
  225       227      0.637915  [ 7.36  58.71  33.93  36.78  18.38  44.84 ]       0.0898026             0
  226       228      0.636641  [ 8.55  59.90  31.56  50.42  32.02  17.56 ]        0.124451             0
  227       229      0.635371  [ 10.30  61.65  28.05  51.51  33.12  15.37 ]        0.156978             0
  228       230      0.634103  [ 5.95  57.31  36.74  43.47  25.08  31.45 ]       0.0813173             0
  229       231      0.632837  [ 11.40  62.76  25.84  35.98  17.58  46.44 ]        0.164049             0
  230       232      0.631574  [ 11.40  62.76  25.84  35.98  17.58  46.44 ]        0.164049             0
  231       233      0.630313  [ 7.21  58.57  34.22  54.14  35.74  10.12 ]       0.0975807             0
  232       234      0.629055  [ 7.21  58.57  34.22  54.14  35.74  10.12 ]       0.0975807             0
  233       235      0.627799  [ 17.84  69.19  12.97  24.90  6.51  68.59 ]        0.241831             0
  234       236      0.626546  [ 14.45  65.81  19.74  20.47  2.08  77.45 ]        0.190919             0
  235       237      0.625296  [ 7.26  58.61  34.13  19.32  0.92  79.76 ]        0.121622             0
  236       238      0.624048  [ 7.60  58.95  33.45  19.06  0.67  80.27 ]        0.106066             0
  237       239      0.622802  [ 23.55  74.90  1.54  35.92  17.53  46.55 ]        0.330926             0
  238       240      0.621559  [ 0.47  51.82  47.71  22.90  4.51  72.58 ]      0.00424264             0
  239       241      0.620318  [ 6.72  58.07  35.22  55.74  37.34  6.92 ]       0.0912168             0
  240       242       0.61908  [ 0.82  52.17  47.00  36.56  18.17  45.27 ]       0.0127279             0
  241       243      0.617844  [ 13.15  64.50  22.35  57.93  39.54  2.53 ]        0.178898             0
  242       244      0.616611  [ 3.74  55.10  41.16  44.62  26.23  29.15 ]        0.053033             0
  243       245       0.61538  [ 4.97  56.33  38.70  31.58  13.19  55.23 ]       0.0643467             0
  244       246      0.614152  [ 4.97  56.33  38.70  31.58  13.19  55.23 ]       0.0643467             0
  245       247      0.612926  [ 7.98  59.33  32.69  40.01  21.62  38.36 ]        0.104652             0
  246       248      0.611703  [ 8.05  59.41  32.54  30.32  11.93  57.74 ]       0.0997021             0
  247       249      0.610482  [ 12.21  63.56  24.24  50.15  31.76  18.09 ]        0.178191             0
  248       250      0.609263  [ 13.09  64.45  22.46  44.55  26.15  29.30 ]        0.181726             0
  249       251      0.608047  [ 16.29  67.64  16.08  28.81  10.42  60.77 ]        0.240416             0
  250       252      0.606834  [ 17.91  69.26  12.83  25.22  6.82  67.96 ]        0.260215             0
  251       253      0.605622  [ 12.19  63.55  24.26  26.88  8.49  64.63 ]        0.173241             0
  252       254      0.604414  [ 6.75  58.11  35.14  51.63  33.24  15.13 ]       0.0954594             0
  253       255      0.603207  [ 23.24  74.59  2.17  56.86  38.47  4.66 ]        0.325269             0
  254       256      0.602003  [ 7.37  58.73  33.90  39.47  21.08  39.45 ]         0.10253             0
  255       257      0.600802  [ 8.94  60.29  30.77  22.48  4.08  73.44 ]          0.1393             0
  256       258      0.599602  [ 15.59  66.94  17.47  40.52  22.13  37.36 ]        0.212839             0
  257       259      0.598405  [ 18.30  69.65  12.05  24.70  6.30  69.00 ]        0.265872             0
  258       260      0.597211  [ 22.20  73.55  4.24  26.56  8.17  65.27 ]        0.291328             0
  259       261      0.596019  [ 22.83  74.19  2.98  49.70  31.31  18.99 ]        0.345068             0
  260       262      0.594829  [ 2.40  53.75  43.85  43.78  25.39  30.83 ]       0.0311127             0
  261       263      0.593642  [ 2.40  53.75  43.85  43.78  25.39  30.83 ]       0.0311127             0
  262       264      0.592457  [ 23.70  75.05  1.25  20.70  2.31  76.99 ]        0.333047             0
  263       265      0.591275  [ 6.73  58.09  35.18  19.70  1.31  78.99 ]       0.0919239             0
  264       266      0.590094  [ 10.61  61.97  27.42  53.02  34.63  12.34 ]         0.17112             0
  265       267      0.588917  [ 5.94  57.29  36.77  38.04  19.64  42.32 ]       0.0777817             0
  266       268      0.587741  [ 18.14  69.49  12.36  57.55  39.16  3.30 ]        0.267993             0
  267       269      0.586568  [ 14.13  65.49  20.38  55.75  37.36  6.90 ]        0.201525             0
  268       270      0.585397  [ 0.04  51.39  48.57  23.91  5.51  70.58 ]     0.000707107             0
  269       271      0.584229  [ 0.04  51.39  48.57  23.91  5.51  70.58 ]     0.000707107             0
  270       272      0.583063  [ 6.51  57.87  35.62  36.29  17.89  45.82 ]       0.0975807             0
  271       273      0.581899  [ 6.85  58.21  34.94  52.53  34.14  13.33 ]        0.092631             0
  272       274      0.580737  [ 10.57  61.93  27.50  39.13  20.74  40.14 ]        0.152735             0
  273       275      0.579578  [ 15.63  66.98  17.39  27.70  9.30  63.00 ]        0.214253             0
  274       276      0.578421  [ 11.15  62.51  26.34  44.96  26.57  28.46 ]        0.154149             0
  275       277      0.577267  [ 23.80  75.15  1.04  51.16  32.76  16.08 ]        0.342947             0
  276       278      0.576115  [ 16.38  67.73  15.89  28.05  9.66  62.29 ]         0.21496             0
  277       279      0.574965  [ 1.68  53.03  45.28  24.06  5.67  70.27 ]       0.0325269             0
  278       280      0.573817  [ 19.89  71.24  8.87  30.18  11.78  58.04 ]         0.28355             0
  279       281      0.572672  [ 4.20  55.55  40.25  53.48  35.09  11.43 ]       0.0565685             0
  280       282      0.571529  [ 16.73  68.08  15.19  39.49  21.10  39.41 ]        0.253851             0
  281       283      0.570388  [ 3.74  55.09  41.16  37.56  19.16  43.28 ]       0.0537401             0
  282       284      0.569249  [ 17.74  69.10  13.16  35.92  17.53  46.56 ]        0.209304             0
  283       285      0.568113  [ 0.77  52.13  47.10  55.44  37.05  7.51 ]      0.00919239             0
  284       286      0.566979  [ 17.49  68.84  13.68  28.20  9.81  62.00 ]        0.245366             0
  285       287      0.565847  [ 12.86  64.22  22.92  19.29  0.90  79.82 ]        0.190919             0
  286       288      0.564718  [ 22.45  73.80  3.75  37.03  18.63  44.34 ]        0.335169             0
  287       289      0.563591  [ 13.84  65.19  20.97  33.51  15.12  51.37 ]        0.190212             0
  288       290      0.562466  [ 5.41  56.77  37.82  56.28  37.89  5.84 ]       0.0735391             0
  289       291      0.561343  [ 22.06  73.41  4.53  22.85  4.46  72.69 ]        0.316784             0
  290       292      0.560223  [ 1.89  53.24  44.87  26.09  7.70  66.21 ]       0.0212132             0
  291       293      0.559105  [ 4.92  56.28  38.80  43.98  25.59  30.43 ]       0.0657609             0
  292       294      0.557989  [ 15.20  66.55  18.25  53.88  35.48  10.64 ]        0.234052             0
  293       295      0.556875  [ 16.92  68.27  14.82  47.64  29.25  23.12 ]        0.226981             0
  294       296      0.555763  [ 19.99  71.34  8.67  57.27  38.88  3.85 ]        0.298399             0
  295       297      0.554654  [ 18.54  69.89  11.57  19.80  1.41  78.79 ]        0.239709             0
  296       298      0.553547  [ 6.18  57.53  36.29  45.21  26.82  27.97 ]       0.0827315             0
  297       299      0.552442  [ 14.41  65.76  19.83  37.71  19.32  42.97 ]        0.194454             0
  298       300      0.551339  [ 6.52  57.88  35.60  48.47  30.07  21.46 ]         0.10253             0
  299       301      0.550239  [ 6.97  58.33  34.70  38.26  19.87  41.86 ]        0.103238             0
  300       302      0.549141  [ 23.60  74.95  1.45  28.43  10.04  61.53 ]        0.336583             0
  301       303      0.548044  [ 1.09  52.44  46.47  20.73  2.33  76.94 ]       0.0127279             0
  302       304      0.546951  [ 8.32  59.67  32.01  44.82  26.43  28.76 ]        0.122329             0
  303       305      0.545859  [ 15.44  66.79  17.77  25.50  7.11  67.38 ]        0.190919             0
  304       306      0.544769  [ 12.54  63.90  23.56  35.90  17.51  46.59 ]        0.159806             0
  305       307      0.543682  [ 1.50  52.85  45.66  20.89  2.49  76.62 ]       0.0247487             0
  306       308      0.542597  [ 17.25  68.60  14.16  57.28  38.89  3.82 ]        0.236881             0
  307       309      0.541514  [ 6.98  58.33  34.69  54.97  36.58  8.44 ]       0.0968736             0
  308       310      0.540433  [ 16.00  67.35  16.64  47.57  29.18  23.25 ]        0.241831             0
  309       311      0.539354  [ 4.50  55.85  39.65  32.61  14.21  53.18 ]       0.0551543             0
  310       312      0.538278  [ 4.50  55.85  39.65  32.61  14.21  53.18 ]       0.0551543             0
  311       313      0.537203  [ 13.48  64.84  21.68  40.26  21.86  37.88 ]        0.195869             0
  312       314      0.536131  [ 6.25  57.61  36.14  36.94  18.55  44.51 ]       0.0820244             0
  313       315      0.535061  [ 14.86  66.21  18.93  47.81  29.42  22.77 ]        0.200111             0
  314       316      0.533993  [ 2.06  53.41  44.53  30.69  12.30  57.01 ]       0.0226274             0
  315       317      0.532927  [ 20.43  71.79  7.78  19.59  1.19  79.22 ]        0.295571             0
  316       318      0.531863  [ 16.41  67.77  15.82  40.63  22.24  37.13 ]        0.233345             0
  317       319      0.530802  [ 4.67  56.02  39.30  35.85  17.45  46.70 ]       0.0650538             0
  318       320      0.529742  [ 9.45  60.81  29.74  29.18  10.78  60.04 ]        0.113844             0
  319       321      0.528685  [ 23.24  74.59  2.17  33.28  14.89  51.82 ]        0.344361             0
  320       322       0.52763  [ 20.77  72.12  7.11  18.82  0.43  80.74 ]        0.277893             0
  321       323      0.526576  [ 6.35  57.70  35.95  44.10  25.71  30.20 ]       0.0735391             0
  322       324      0.525525  [ 6.35  57.70  35.95  44.10  25.71  30.20 ]       0.0735391             0
  323       325      0.524476  [ 6.18  57.54  36.28  33.28  14.89  51.83 ]       0.0975807             0
  324       326       0.52343  [ 11.80  63.15  25.05  39.44  21.05  39.51 ]        0.179605             0
  325       327      0.522385  [ 17.36  68.71  13.93  38.55  20.16  41.29 ]        0.237588             0
  326       328      0.521342  [ 5.70  57.05  37.25  54.40  36.01  9.59 ]       0.0813173             0
  327       329      0.520301  [ 8.65  60.00  31.36  58.88  40.48  0.64 ]        0.115258             0
  328       330      0.519263  [ 17.28  68.63  14.09  56.87  38.48  4.65 ]        0.259508             0
  329       331      0.518226  [ 5.56  56.91  37.54  33.99  15.59  50.42 ]       0.0735391             0
  330       332      0.517192  [ 6.71  58.06  35.23  54.35  35.96  9.68 ]        0.103238             0
  331       333       0.51616  [ 3.24  54.59  42.17  35.22  16.83  47.95 ]       0.0551543             0
  332       334       0.51513  [ 10.04  61.39  28.57  29.71  11.31  58.98 ]        0.136472             0
  333       335      0.514101  [ 22.44  73.80  3.76  49.40  31.01  19.59 ]        0.321734             0
  334       336      0.513075  [ 3.03  54.38  42.59  39.50  21.10  39.40 ]       0.0318198             0
  335       337      0.512051  [ 7.80  59.16  33.04  20.92  2.52  76.56 ]        0.122329             0
  336       338      0.511029  [ 7.80  59.16  33.04  20.92  2.52  76.56 ]        0.122329             0
  337       339      0.510009  [ 14.86  66.22  18.92  32.86  14.47  52.66 ]        0.214253             0
  338       340      0.508991  [ 6.72  58.07  35.20  28.34  9.95  61.71 ]        0.105359             0
  339       341      0.507975  [ 3.56  54.91  41.53  43.80  25.41  30.80 ]        0.053033             0
  340       342      0.506961  [ 10.58  61.93  27.50  45.19  26.80  28.01 ]        0.148492             0
  341       343      0.505949  [ 10.58  61.93  27.50  45.19  26.80  28.01 ]        0.148492             0
  342       344      0.504939  [ 0.61  51.96  47.43  58.33  39.94  1.74 ]      0.00707107             0
  343       345      0.503932  [ 23.23  74.59  2.18  50.46  32.07  17.48 ]        0.335876             0
  344       346      0.502926  [ 3.71  55.07  41.22  47.13  28.74  24.13 ]       0.0487904             0
  345       347      0.501922  [ 10.31  61.66  28.04  37.99  19.60  42.41 ]        0.168291             0
  346       348       0.50092  [ 22.98  74.33  2.70  25.38  6.99  67.63 ]         0.31537             0
