******************Parametres initiaux***********************
Points do we try before stepping :N_TRIES=1
Iterations for each T :ITERS_FIXED_T=1
Step size in random walk :STEP_SIZE=200.000000
Boltzmann constant :K=1.000000
Initial temperature :T_INITIAL=1.000000
Damping factor for temperature MU_T=1.002000
Minimal Temperature T_MIN=5.000000e-01
Initial state :41.92	11.75	56.00	3.75	
*************************************************************
#-iter  #-evals   temperature     position   energy
    0         2             1  [ 60.53  30.35  9.12  71.21  18.96  9.83 ]         2.39522       1.15054
    1         3      0.998004  [ 54.86  24.69  20.45  57.09  4.84  38.07 ]         1.92457       1.15054
    2         4      0.996012  [ 43.34  13.17  43.49  68.22  15.98  15.80 ]         1.53113       1.15054
    3         5      0.994024  [ 33.85  3.67  62.47  59.80  7.56  32.64 ]         1.03104       1.03104
    4         6       0.99204  [ 44.09  13.92  41.99  58.68  6.43  34.89 ]          1.2358       1.03104
    5         7       0.99006  [ 35.13  4.95  59.91  61.28  9.03  29.69 ]         1.15942       1.03104
    6         8      0.988084  [ 35.13  4.95  59.91  61.28  9.03  29.69 ]         1.15942       1.03104
    7         9      0.986111  [ 35.13  4.95  59.91  61.28  9.03  29.69 ]         1.15942       1.03104
    8        10      0.984143  [ 35.13  4.95  59.91  61.28  9.03  29.69 ]         1.15942       1.03104
    9        11      0.982179  [ 43.46  13.28  43.25  71.00  18.76  10.24 ]         1.54897       1.03104
   10        12      0.980218  [ 43.46  13.28  43.25  71.00  18.76  10.24 ]         1.54897       1.03104
   11        13      0.978262  [ 43.46  13.28  43.25  71.00  18.76  10.24 ]         1.54897       1.03104
   12        14      0.976309  [ 31.12  0.95  67.93  59.80  7.56  32.64 ]         1.15953       1.03104
   13        15       0.97436  [ 41.29  11.12  47.59  52.25  0.00  47.75 ]        0.949665      0.949665
   14        16      0.972416  [ 54.35  24.17  21.48  58.98  6.73  34.29 ]         1.89067      0.949665
   15        17      0.970475  [ 56.18  26.01  17.81  52.33  0.08  47.59 ]         1.93683      0.949665
   16        18      0.968538  [ 56.18  26.01  17.81  52.33  0.08  47.59 ]         1.93683      0.949665
   17        19      0.966604  [ 42.76  12.58  44.67  69.55  17.31  13.14 ]         1.54753      0.949665
   18        20      0.964675  [ 59.06  28.89  12.05  59.90  7.65  32.46 ]         2.25068      0.949665
   19        21      0.962749  [ 49.29  19.11  31.60  59.08  6.83  34.09 ]         1.57425      0.949665
   20        22      0.960828  [ 42.23  12.06  45.71  67.78  15.53  16.70 ]          1.4598      0.949665
   21        23       0.95891  [ 41.12  10.95  47.93  66.77  14.52  18.71 ]         1.42482      0.949665
   22        24      0.956996  [ 41.12  10.95  47.93  66.77  14.52  18.71 ]         1.42482      0.949665
   23        25      0.955086  [ 41.12  10.95  47.93  66.77  14.52  18.71 ]         1.42482      0.949665
   24        26      0.953179  [ 43.70  13.52  42.78  62.54  10.29  27.16 ]         1.36426      0.949665
   25        27      0.951277  [ 43.70  13.52  42.78  62.54  10.29  27.16 ]         1.36426      0.949665
   26        28      0.949378  [ 42.35  12.17  45.48  56.66  4.42  38.92 ]         1.10623      0.949665
   27        29      0.947483  [ 42.35  12.17  45.48  56.66  4.42  38.92 ]         1.10623      0.949665
   28        30      0.945592  [ 47.14  16.96  35.90  65.44  13.19  21.37 ]         1.56354      0.949665
   29        31      0.943705  [ 47.14  16.96  35.90  65.44  13.19  21.37 ]         1.56354      0.949665
   30        32      0.941821  [ 34.22  4.04  61.74  52.27  0.02  47.71 ]        0.815726      0.815726
   31        33      0.939941  [ 34.22  4.04  61.74  52.27  0.02  47.71 ]        0.815726      0.815726
   32        34      0.938065  [ 34.22  4.04  61.74  52.27  0.02  47.71 ]        0.815726      0.815726
   33        35      0.936193  [ 40.20  10.03  49.77  61.99  9.75  28.26 ]         1.19858      0.815726
   34        36      0.934324  [ 56.45  26.27  17.29  73.72  21.47  4.81 ]          2.1391      0.815726
   35        37      0.932459  [ 58.89  28.71  12.40  55.92  3.68  40.40 ]         2.27846      0.815726
   36        38      0.930598  [ 62.14  31.96  5.90  53.87  1.62  44.50 ]         2.50636      0.815726
   37        39       0.92874  [ 31.84  1.67  66.49  64.53  12.29  23.18 ]         1.39007      0.815726
   38        40      0.926887  [ 45.01  14.83  40.16  74.33  22.09  3.58 ]         1.68536      0.815726
   39        41      0.925036  [ 39.60  9.42  50.98  74.41  22.17  3.42 ]         1.65152      0.815726
   40        42       0.92319  [ 51.85  21.68  26.47  63.30  11.05  25.65 ]         1.74227      0.815726
   41        43      0.921347  [ 52.68  22.51  24.81  60.58  8.34  31.08 ]         1.77559      0.815726
   42        44      0.919508  [ 37.49  7.32  55.19  66.84  14.59  18.57 ]         1.37805      0.815726
   43        45      0.917673  [ 37.49  7.32  55.19  66.84  14.59  18.57 ]         1.37805      0.815726
   44        46      0.915841  [ 39.73  9.56  50.71  68.12  15.87  16.02 ]          1.4422      0.815726
   45        47      0.914013  [ 58.23  28.05  13.72  54.27  2.02  43.71 ]         2.16717      0.815726
   46        48      0.912189  [ 46.04  15.86  38.10  56.15  3.90  39.95 ]         1.29349      0.815726
   47        49      0.910368  [ 41.62  11.45  46.93  74.26  22.01  3.73 ]         1.63284      0.815726
   48        50      0.908551  [ 56.99  26.81  16.20  54.23  1.99  43.78 ]         2.08956      0.815726
   49        51      0.906738  [ 54.09  23.92  21.99  75.10  22.86  2.04 ]         2.01784      0.815726
   50        52      0.904928  [ 55.06  24.88  20.06  75.18  22.93  1.90 ]         2.08624      0.815726
   51        53      0.903122  [ 36.73  6.55  56.72  67.35  15.10  17.55 ]         1.41732      0.815726
   52        54      0.901319  [ 34.68  4.50  60.82  55.24  2.99  41.77 ]        0.923118      0.815726
   53        55       0.89952  [ 31.49  1.31  67.21  74.96  22.71  2.33 ]         1.96553      0.815726
   54        56      0.897724  [ 50.15  19.97  29.88  68.46  16.21  15.34 ]         1.81557      0.815726
   55        57      0.895933  [ 50.15  19.97  29.88  68.46  16.21  15.34 ]         1.81557      0.815726
   56        58      0.894144  [ 53.04  22.87  24.09  60.76  8.51  30.73 ]         1.86805      0.815726
   57        59       0.89236  [ 59.70  29.53  10.77  71.97  19.72  8.31 ]         2.33931      0.815726
   58        60      0.890578  [ 61.38  31.20  7.42  73.56  21.31  5.13 ]         2.47637      0.815726
   59        61      0.888801  [ 51.65  21.48  26.87  71.04  18.79  10.17 ]         1.83289      0.815726
   60        62      0.887027  [ 41.39  11.21  47.40  66.76  14.51  18.73 ]         1.42328      0.815726
   61        63      0.885256  [ 36.39  6.22  57.39  54.52  2.27  43.21 ]        0.875063      0.815726
   62        64      0.883489  [ 36.39  6.22  57.39  54.52  2.27  43.21 ]        0.875063      0.815726
   63        65      0.881726  [ 42.65  12.47  44.88  59.81  7.56  32.63 ]         1.23233      0.815726
   64        66      0.879966  [ 31.68  1.50  66.82  74.91  22.66  2.44 ]         1.85109      0.815726
   65        67      0.878209  [ 63.33  33.15  3.52  66.55  14.31  19.14 ]         2.60411      0.815726
   66        68      0.876457  [ 51.45  21.28  27.27  67.65  15.40  16.95 ]         1.86036      0.815726
   67        69      0.874707  [ 60.37  30.20  9.43  60.36  8.11  31.53 ]         2.34464      0.815726
   68        70      0.872961  [ 50.56  20.39  29.05  57.21  4.96  37.83 ]         1.54287      0.815726
   69        71      0.871219  [ 45.05  14.88  40.07  59.10  6.85  34.04 ]          1.3508      0.815726
   70        72       0.86948  [ 35.47  5.29  59.23  64.46  12.22  23.32 ]         1.25364      0.815726
   71        73      0.867744  [ 38.20  8.02  53.78  69.67  17.42  12.91 ]         1.51495      0.815726
   72        74      0.866012  [ 38.20  8.02  53.78  69.67  17.42  12.91 ]         1.51495      0.815726
   73        75      0.864284  [ 38.00  7.82  54.18  53.72  1.48  44.80 ]        0.888526      0.815726
   74        76      0.862559  [ 51.43  21.26  27.31  64.31  12.06  23.63 ]          1.7487      0.815726
   75        77      0.860837  [ 49.68  19.51  30.81  56.01  3.76  40.23 ]         1.56218      0.815726
   76        78      0.859119  [ 33.83  3.66  62.51  53.40  1.16  45.44 ]        0.762308      0.762308
   77        79      0.857404  [ 33.83  3.66  62.51  53.40  1.16  45.44 ]        0.762308      0.762308
   78        80      0.855692  [ 33.83  3.66  62.51  53.40  1.16  45.44 ]        0.762308      0.762308
   79        81      0.853985  [ 33.83  3.66  62.51  53.40  1.16  45.44 ]        0.762308      0.762308
   80        82       0.85228  [ 61.05  30.88  8.07  55.81  3.56  40.63 ]         2.39221      0.762308
   81        83      0.850579  [ 48.78  18.61  32.61  52.43  0.18  47.39 ]         1.45994      0.762308
   82        84      0.848881  [ 36.47  6.29  57.24  72.00  19.76  8.24 ]         1.63075      0.762308
   83        85      0.847187  [ 58.17  28.00  13.83  65.34  13.09  21.57 ]         2.21979      0.762308
   84        86      0.845496  [ 55.22  25.04  19.74  72.96  20.71  6.33 ]         2.09035      0.762308
   85        87      0.843808  [ 30.50  0.32  69.18  74.36  22.12  3.52 ]         1.91031      0.762308
   86        88      0.842124  [ 56.64  26.46  16.89  55.17  2.93  41.90 ]         2.03872      0.762308
   87        89      0.840443  [ 53.34  23.16  23.50  67.46  15.21  17.33 ]         1.92341      0.762308
   88        90      0.838765  [ 44.37  14.19  41.44  72.00  19.76  8.24 ]         1.58039      0.762308
   89        91      0.837091  [ 54.68  24.50  20.82  52.72  0.47  46.81 ]         1.86855      0.762308
   90        92       0.83542  [ 61.18  31.01  7.81  74.03  21.78  4.19 ]         2.47215      0.762308
   91        93      0.833753  [ 62.54  32.36  5.10  59.06  6.82  34.12 ]         2.49583      0.762308
   92        94      0.832089  [ 36.18  6.01  57.81  61.34  9.09  29.57 ]         1.16164      0.762308
   93        95      0.830428  [ 36.18  6.01  57.81  61.34  9.09  29.57 ]         1.16164      0.762308
   94        96       0.82877  [ 64.18  34.00  1.82  57.63  5.38  36.99 ]          2.6564      0.762308
   95        97      0.827116  [ 60.96  30.78  8.26  74.93  22.68  2.39 ]         2.48608      0.762308
   96        98      0.825465  [ 52.36  22.19  25.45  53.52  1.27  45.21 ]          1.7212      0.762308
   97        99      0.823817  [ 49.52  19.34  31.14  55.61  3.36  41.03 ]         1.56531      0.762308
   98       100      0.822173  [ 44.72  14.55  40.73  68.76  16.52  14.72 ]          1.5565      0.762308
   99       101      0.820532  [ 45.47  15.29  39.24  71.49  19.25  9.26 ]         1.65011      0.762308
  100       102      0.818894  [ 45.47  15.29  39.24  71.49  19.25  9.26 ]         1.65011      0.762308
  101       103       0.81726  [ 39.64  9.46  50.89  63.05  10.80  26.15 ]         1.26512      0.762308
  102       104      0.815629  [ 45.06  14.89  40.05  65.59  13.35  21.06 ]         1.46969      0.762308
  103       105      0.814001  [ 50.69  20.51  28.80  56.36  4.12  39.52 ]         1.56741      0.762308
  104       106      0.812376  [ 47.93  17.75  34.32  61.60  9.35  29.05 ]          1.6166      0.762308
  105       107      0.810754  [ 43.85  13.68  42.47  74.97  22.72  2.32 ]         1.67308      0.762308
  106       108      0.809136  [ 43.85  13.68  42.47  74.97  22.72  2.32 ]         1.67308      0.762308
  107       109      0.807521  [ 37.51  7.34  55.15  73.75  21.50  4.74 ]         1.68466      0.762308
  108       110      0.805909  [ 52.62  22.44  24.94  64.72  12.48  22.80 ]         1.82695      0.762308
  109       111      0.804301  [ 62.63  32.46  4.91  68.32  16.08  15.60 ]         2.55683      0.762308
  110       112      0.802695  [ 35.59  5.41  59.00  73.50  21.25  5.24 ]          1.6515      0.762308
  111       113      0.801093  [ 35.59  5.41  59.00  73.50  21.25  5.24 ]          1.6515      0.762308
  112       114      0.799494  [ 35.59  5.41  59.00  73.50  21.25  5.24 ]          1.6515      0.762308
  113       115      0.797898  [ 64.61  34.43  0.96  54.49  2.24  43.27 ]         2.68481      0.762308
  114       116      0.796306  [ 40.74  10.57  48.69  76.05  23.81  0.14 ]         1.71024      0.762308
  115       117      0.794716  [ 45.21  15.03  39.76  74.55  22.31  3.14 ]         1.68881      0.762308
  116       118       0.79313  [ 45.21  15.03  39.76  74.55  22.31  3.14 ]         1.68881      0.762308
  117       119      0.791547  [ 49.51  19.34  31.15  72.27  20.02  7.71 ]         1.74357      0.762308
  118       120      0.789967  [ 46.21  16.04  37.75  71.95  19.71  8.34 ]          1.6988      0.762308
  119       121       0.78839  [ 56.35  26.18  17.47  69.00  16.76  14.24 ]         2.14271      0.762308
  120       122      0.786816  [ 43.26  13.09  43.65  59.30  7.05  33.65 ]         1.23143      0.762308
  121       123      0.785246  [ 42.36  12.18  45.46  70.19  17.94  11.87 ]         1.53857      0.762308
  122       124      0.783679  [ 42.36  12.18  45.46  70.19  17.94  11.87 ]         1.53857      0.762308
  123       125      0.782114  [ 33.81  3.63  62.56  70.40  18.15  11.45 ]         1.59567      0.762308
  124       126      0.780553  [ 58.62  28.45  12.93  58.83  6.59  34.58 ]          2.2509      0.762308
  125       127      0.778995  [ 32.73  2.56  64.71  57.18  4.93  37.90 ]         1.09023      0.762308
  126       128       0.77744  [ 32.73  2.56  64.71  57.18  4.93  37.90 ]         1.09023      0.762308
  127       129      0.775889  [ 32.73  2.56  64.71  57.18  4.93  37.90 ]         1.09023      0.762308
  128       130       0.77434  [ 32.73  2.56  64.71  57.18  4.93  37.90 ]         1.09023      0.762308
  129       131      0.772794  [ 31.05  0.87  68.08  52.91  0.66  46.43 ]        0.879524      0.762308
  130       132      0.771252  [ 31.05  0.87  68.08  52.91  0.66  46.43 ]        0.879524      0.762308
  131       133      0.769712  [ 50.77  20.60  28.63  57.71  5.46  36.83 ]         1.66061      0.762308
  132       134      0.768176  [ 34.52  4.35  61.13  52.46  0.22  47.32 ]        0.781451      0.762308
  133       135      0.766643  [ 44.79  14.61  40.60  60.09  7.84  32.06 ]         1.34165      0.762308
  134       136      0.765113  [ 39.07  8.90  52.03  55.96  3.71  40.33 ]         1.00953      0.762308
  135       137      0.763585  [ 48.51  18.33  33.16  69.99  17.74  12.26 ]         1.71477      0.762308
  136       138      0.762061  [ 43.88  13.70  42.42  52.34  0.09  47.57 ]         1.08734      0.762308
  137       139       0.76054  [ 43.88  13.70  42.42  52.34  0.09  47.57 ]         1.08734      0.762308
  138       140      0.759022  [ 41.40  11.22  47.38  58.05  5.80  36.15 ]         1.09569      0.762308
  139       141      0.757507  [ 41.40  11.22  47.38  58.05  5.80  36.15 ]         1.09569      0.762308
  140       142      0.755995  [ 41.40  11.22  47.38  58.05  5.80  36.15 ]         1.09569      0.762308
  141       143      0.754486  [ 36.18  6.01  57.81  59.42  7.18  33.40 ]         1.08058      0.762308
  142       144       0.75298  [ 52.09  21.91  26.00  64.71  12.46  22.83 ]          1.7819      0.762308
  143       145      0.751477  [ 45.68  15.51  38.81  56.87  4.62  38.50 ]         1.31483      0.762308
  144       146      0.749977  [ 45.68  15.51  38.81  56.87  4.62  38.50 ]         1.31483      0.762308
  145       147       0.74848  [ 35.97  5.79  58.24  62.50  10.25  27.24 ]         1.18628      0.762308
  146       148      0.746986  [ 44.35  14.18  41.47  73.04  20.79  6.17 ]         1.66089      0.762308
  147       149      0.745495  [ 44.89  14.71  40.40  76.04  23.80  0.16 ]         1.73081      0.762308
  148       150      0.744007  [ 51.58  21.40  27.02  72.08  19.83  8.10 ]         1.85905      0.762308
  149       151      0.742522  [ 51.58  21.40  27.02  72.08  19.83  8.10 ]         1.85905      0.762308
  150       152       0.74104  [ 51.58  21.40  27.02  72.08  19.83  8.10 ]         1.85905      0.762308
  151       153      0.739561  [ 39.65  9.47  50.88  76.11  23.86  0.03 ]         1.71865      0.762308
  152       154      0.738085  [ 47.98  17.81  34.21  75.04  22.80  2.16 ]         1.76487      0.762308
  153       155      0.736612  [ 35.31  5.14  59.55  60.45  8.21  31.34 ]          1.1423      0.762308
  154       156      0.735141  [ 35.31  5.14  59.55  60.45  8.21  31.34 ]          1.1423      0.762308
  155       157      0.733674  [ 35.31  5.14  59.55  60.45  8.21  31.34 ]          1.1423      0.762308
  156       158       0.73221  [ 32.28  2.10  65.62  62.04  9.79  28.17 ]         1.23898      0.762308
  157       159      0.730748  [ 32.28  2.10  65.62  62.04  9.79  28.17 ]         1.23898      0.762308
  158       160       0.72929  [ 35.09  4.91  60.00  75.85  23.60  0.54 ]         1.80203      0.762308
  159       161      0.727834  [ 38.52  8.34  53.14  60.26  8.01  31.73 ]         1.10494      0.762308
  160       162      0.726381  [ 41.55  11.37  47.09  58.76  6.52  34.72 ]         1.18461      0.762308
  161       163      0.724931  [ 35.88  5.70  58.42  56.13  3.88  39.99 ]        0.943779      0.762308
  162       164      0.723484  [ 42.12  11.94  45.94  58.87  6.62  34.51 ]         1.21454      0.762308
  163       165       0.72204  [ 47.27  17.10  35.63  65.17  12.92  21.91 ]         1.53839      0.762308
  164       166      0.720599  [ 31.88  1.71  66.41  67.84  15.59  16.57 ]         1.48921      0.762308
  165       167      0.719161  [ 44.82  14.64  40.54  64.35  12.11  23.54 ]         1.43669      0.762308
  166       168      0.717725  [ 58.49  28.31  13.20  72.60  20.35  7.05 ]         2.27602      0.762308
  167       169      0.716293  [ 43.73  13.56  42.71  74.75  22.50  2.75 ]         1.68733      0.762308
  168       170      0.714863  [ 55.17  24.99  19.84  53.55  1.30  45.14 ]         1.93713      0.762308
  169       171      0.713436  [ 54.55  24.38  21.07  72.06  19.82  8.12 ]         2.04761      0.762308
  170       172      0.712012  [ 37.63  7.46  54.91  68.15  15.91  15.94 ]         1.45901      0.762308
  171       173      0.710591  [ 41.41  11.23  47.36  53.35  1.10  45.56 ]        0.963154      0.762308
  172       174      0.709173  [ 41.41  11.23  47.36  53.35  1.10  45.56 ]        0.963154      0.762308
  173       175      0.707757  [ 49.00  18.82  32.18  68.87  16.62  14.51 ]         1.72184      0.762308
  174       176      0.706344  [ 57.66  27.48  14.86  58.08  5.83  36.09 ]          2.1959      0.762308
  175       177      0.704934  [ 59.20  29.02  11.77  57.54  5.29  37.18 ]         2.30687      0.762308
  176       178      0.703527  [ 57.20  27.02  15.78  66.32  14.07  19.61 ]         2.16611      0.762308
  177       179      0.702123  [ 41.54  11.37  47.09  54.30  2.05  43.64 ]         1.00226      0.762308
  178       180      0.700722  [ 41.54  11.37  47.09  54.30  2.05  43.64 ]         1.00226      0.762308
  179       181      0.699323  [ 41.54  11.37  47.09  54.30  2.05  43.64 ]         1.00226      0.762308
  180       182      0.697927  [ 41.54  11.37  47.09  54.30  2.05  43.64 ]         1.00226      0.762308
  181       183      0.696534  [ 48.35  18.18  33.47  55.56  3.32  41.12 ]         1.49115      0.762308
  182       184      0.695144  [ 45.89  15.71  38.40  53.69  1.45  44.86 ]         1.24685      0.762308
  183       185      0.693756  [ 44.93  14.75  40.32  67.73  15.48  16.79 ]         1.51898      0.762308
  184       186      0.692372  [ 44.93  14.75  40.32  67.73  15.48  16.79 ]         1.51898      0.762308
  185       187       0.69099  [ 55.78  25.60  18.62  60.43  8.19  31.38 ]         2.01574      0.762308
  186       188       0.68961  [ 50.32  20.14  29.54  73.94  21.69  4.37 ]         1.79609      0.762308
  187       189      0.688234  [ 31.48  1.30  67.21  53.51  1.27  45.22 ]        0.943531      0.762308
  188       190       0.68686  [ 31.48  1.30  67.21  53.51  1.27  45.22 ]        0.943531      0.762308
  189       191      0.685489  [ 31.48  1.30  67.21  53.51  1.27  45.22 ]        0.943531      0.762308
  190       192      0.684121  [ 31.48  1.30  67.21  53.51  1.27  45.22 ]        0.943531      0.762308
  191       193      0.682755  [ 31.48  1.30  67.21  53.51  1.27  45.22 ]        0.943531      0.762308
  192       194      0.681393  [ 31.48  1.30  67.21  53.51  1.27  45.22 ]        0.943531      0.762308
  193       195      0.680033  [ 31.48  1.30  67.21  53.51  1.27  45.22 ]        0.943531      0.762308
  194       196      0.678675  [ 31.48  1.30  67.21  53.51  1.27  45.22 ]        0.943531      0.762308
  195       197      0.677321  [ 31.48  1.30  67.21  53.51  1.27  45.22 ]        0.943531      0.762308
  196       198      0.675969  [ 47.92  17.74  34.34  71.66  19.41  8.93 ]          1.7293      0.762308
  197       199      0.674619  [ 47.92  17.74  34.34  71.66  19.41  8.93 ]          1.7293      0.762308
  198       200      0.673273  [ 32.87  2.70  64.43  69.47  17.22  13.31 ]         1.53165      0.762308
  199       201      0.671929  [ 56.28  26.11  17.61  71.74  19.50  8.76 ]         2.15968      0.762308
  200       202      0.670588  [ 46.58  16.41  37.01  68.27  16.02  15.72 ]         1.56981      0.762308
  201       203      0.669249  [ 46.58  16.41  37.01  68.27  16.02  15.72 ]         1.56981      0.762308
  202       204      0.667914  [ 41.53  11.35  47.12  73.40  21.16  5.44 ]         1.61412      0.762308
  203       205       0.66658  [ 61.89  31.71  6.40  54.34  2.09  43.57 ]         2.48265      0.762308
  204       206       0.66525  [ 42.91  12.73  44.37  60.84  8.60  30.56 ]         1.23774      0.762308
  205       207      0.663922  [ 37.39  7.21  55.39  71.79  19.54  8.66 ]         1.61864      0.762308
  206       208      0.662597  [ 36.60  6.42  56.98  52.93  0.68  46.39 ]        0.837666      0.762308
  207       209      0.661274  [ 36.60  6.42  56.98  52.93  0.68  46.39 ]        0.837666      0.762308
  208       210      0.659954  [ 45.90  15.72  38.38  53.73  1.48  44.80 ]         1.32342      0.762308
  209       211      0.658637  [ 30.50  0.32  69.18  53.10  0.85  46.04 ]        0.936192      0.762308
  210       212      0.657322  [ 36.18  6.00  57.82  55.18  2.93  41.89 ]        0.920845      0.762308
  211       213       0.65601  [ 36.05  5.88  58.07  58.63  6.39  34.98 ]          1.0898      0.762308
  212       214      0.654701  [ 52.00  21.82  26.18  55.77  3.53  40.70 ]         1.73437      0.762308
  213       215      0.653394  [ 43.40  13.23  43.37  74.21  21.97  3.82 ]         1.66427      0.762308
  214       216       0.65209  [ 32.17  2.00  65.83  53.69  1.45  44.86 ]         0.88721      0.762308
  215       217      0.650789  [ 44.32  14.14  41.55  54.52  2.27  43.22 ]         1.22622      0.762308
  216       218       0.64949  [ 44.32  14.14  41.55  54.52  2.27  43.22 ]         1.22622      0.762308
  217       219      0.648193  [ 48.40  18.22  33.39  66.29  14.04  19.67 ]         1.61074      0.762308
  218       220      0.646899  [ 54.69  24.51  20.80  53.16  0.92  45.92 ]         1.91584      0.762308
  219       221      0.645608  [ 35.75  5.57  58.68  64.33  12.08  23.59 ]         1.33197      0.762308
  220       222      0.644319  [ 35.75  5.57  58.68  64.33  12.08  23.59 ]         1.33197      0.762308
  221       223      0.643033  [ 43.65  13.48  42.87  66.93  14.68  18.39 ]         1.48714      0.762308
  222       224       0.64175  [ 32.78  2.60  64.62  71.34  19.09  9.57 ]         1.63961      0.762308
  223       225      0.640469  [ 41.50  11.32  47.18  65.90  13.65  20.45 ]         1.38605      0.762308
  224       226      0.639191  [ 41.50  11.32  47.18  65.90  13.65  20.45 ]         1.38605      0.762308
  225       227      0.637915  [ 41.50  11.32  47.18  65.90  13.65  20.45 ]         1.38605      0.762308
  226       228      0.636641  [ 45.98  15.80  38.23  64.35  12.11  23.54 ]         1.46741      0.762308
  227       229      0.635371  [ 34.70  4.53  60.77  64.81  12.56  22.63 ]         1.36002      0.762308
  228       230      0.634103  [ 34.70  4.53  60.77  64.81  12.56  22.63 ]         1.36002      0.762308
  229       231      0.632837  [ 34.70  4.53  60.77  64.81  12.56  22.63 ]         1.36002      0.762308
  230       232      0.631574  [ 34.70  4.53  60.77  64.81  12.56  22.63 ]         1.36002      0.762308
  231       233      0.630313  [ 37.08  6.90  56.02  66.29  14.04  19.67 ]         1.43619      0.762308
  232       234      0.629055  [ 45.95  15.77  38.28  70.17  17.92  11.91 ]         1.62888      0.762308
  233       235      0.627799  [ 45.95  15.77  38.28  70.17  17.92  11.91 ]         1.62888      0.762308
  234       236      0.626546  [ 45.95  15.77  38.28  70.17  17.92  11.91 ]         1.62888      0.762308
  235       237      0.625296  [ 57.61  27.44  14.95  69.07  16.83  14.10 ]         2.16793      0.762308
  236       238      0.624048  [ 32.87  2.69  64.44  74.17  21.93  3.90 ]         1.81501      0.762308
  237       239      0.622802  [ 43.97  13.79  42.24  53.01  0.76  46.23 ]         1.10267      0.762308
  238       240      0.621559  [ 38.41  8.23  53.36  64.03  11.79  24.18 ]         1.30538      0.762308
  239       241      0.620318  [ 54.21  24.04  21.75  53.63  1.38  44.99 ]         1.82099      0.762308
  240       242       0.61908  [ 52.39  22.22  25.39  59.85  7.61  32.54 ]         1.79066      0.762308
  241       243      0.617844  [ 52.39  22.22  25.39  59.85  7.61  32.54 ]         1.79066      0.762308
  242       244      0.616611  [ 46.60  16.42  36.98  74.91  22.67  2.42 ]         1.70982      0.762308
  243       245       0.61538  [ 35.42  5.24  59.34  56.28  4.03  39.69 ]        0.952073      0.762308
  244       246      0.614152  [ 35.42  5.24  59.34  56.28  4.03  39.69 ]        0.952073      0.762308
  245       247      0.612926  [ 35.42  5.24  59.34  56.28  4.03  39.69 ]        0.952073      0.762308
  246       248      0.611703  [ 35.42  5.24  59.34  56.28  4.03  39.69 ]        0.952073      0.762308
  247       249      0.610482  [ 35.42  5.24  59.34  56.28  4.03  39.69 ]        0.952073      0.762308
  248       250      0.609263  [ 35.42  5.24  59.34  56.28  4.03  39.69 ]        0.952073      0.762308
  249       251      0.608047  [ 35.42  5.24  59.34  56.28  4.03  39.69 ]        0.952073      0.762308
  250       252      0.606834  [ 37.52  7.34  55.14  54.55  2.30  43.14 ]        0.902373      0.762308
  251       253      0.605622  [ 37.52  7.34  55.14  54.55  2.30  43.14 ]        0.902373      0.762308
  252       254      0.604414  [ 37.52  7.34  55.14  54.55  2.30  43.14 ]        0.902373      0.762308
  253       255      0.603207  [ 37.52  7.34  55.14  54.55  2.30  43.14 ]        0.902373      0.762308
  254       256      0.602003  [ 37.52  7.34  55.14  54.55  2.30  43.14 ]        0.902373      0.762308
  255       257      0.600802  [ 37.52  7.34  55.14  54.55  2.30  43.14 ]        0.902373      0.762308
  256       258      0.599602  [ 37.52  7.34  55.14  54.55  2.30  43.14 ]        0.902373      0.762308
  257       259      0.598405  [ 37.52  7.34  55.14  54.55  2.30  43.14 ]        0.902373      0.762308
  258       260      0.597211  [ 37.52  7.34  55.14  54.55  2.30  43.14 ]        0.902373      0.762308
  259       261      0.596019  [ 37.52  7.34  55.14  54.55  2.30  43.14 ]        0.902373      0.762308
  260       262      0.594829  [ 37.52  7.34  55.14  54.55  2.30  43.14 ]        0.902373      0.762308
  261       263      0.593642  [ 37.52  7.34  55.14  54.55  2.30  43.14 ]        0.902373      0.762308
  262       264      0.592457  [ 37.52  7.34  55.14  54.55  2.30  43.14 ]        0.902373      0.762308
  263       265      0.591275  [ 37.52  7.34  55.14  54.55  2.30  43.14 ]        0.902373      0.762308
  264       266      0.590094  [ 37.52  7.34  55.14  54.55  2.30  43.14 ]        0.902373      0.762308
  265       267      0.588917  [ 37.52  7.34  55.14  54.55  2.30  43.14 ]        0.902373      0.762308
  266       268      0.587741  [ 44.92  14.74  40.34  67.20  14.95  17.86 ]         1.49821      0.762308
  267       269      0.586568  [ 44.92  14.74  40.34  67.20  14.95  17.86 ]         1.49821      0.762308
  268       270      0.585397  [ 33.38  3.20  63.42  58.14  5.89  35.97 ]         1.10753      0.762308
  269       271      0.584229  [ 33.38  3.20  63.42  58.14  5.89  35.97 ]         1.10753      0.762308
  270       272      0.583063  [ 33.38  3.20  63.42  58.14  5.89  35.97 ]         1.10753      0.762308
  271       273      0.581899  [ 33.38  3.20  63.42  58.14  5.89  35.97 ]         1.10753      0.762308
  272       274      0.580737  [ 33.38  3.20  63.42  58.14  5.89  35.97 ]         1.10753      0.762308
  273       275      0.579578  [ 33.38  3.20  63.42  58.14  5.89  35.97 ]         1.10753      0.762308
  274       276      0.578421  [ 39.44  9.26  51.30  61.27  9.03  29.70 ]          1.1995      0.762308
  275       277      0.577267  [ 39.44  9.26  51.30  61.27  9.03  29.70 ]          1.1995      0.762308
  276       278      0.576115  [ 49.77  19.60  30.63  52.97  0.72  46.31 ]         1.50083      0.762308
  277       279      0.574965  [ 38.11  7.93  53.96  54.60  2.35  43.05 ]        0.949986      0.762308
  278       280      0.573817  [ 38.11  7.93  53.96  54.60  2.35  43.05 ]        0.949986      0.762308
  279       281      0.572672  [ 30.44  0.26  69.30  53.44  1.20  45.36 ]         0.92704      0.762308
  280       282      0.571529  [ 30.44  0.26  69.30  53.44  1.20  45.36 ]         0.92704      0.762308
  281       283      0.570388  [ 30.44  0.26  69.30  53.44  1.20  45.36 ]         0.92704      0.762308
  282       284      0.569249  [ 30.44  0.26  69.30  53.44  1.20  45.36 ]         0.92704      0.762308
  283       285      0.568113  [ 30.44  0.26  69.30  53.44  1.20  45.36 ]         0.92704      0.762308
  284       286      0.566979  [ 30.53  0.36  69.11  65.66  13.42  20.92 ]         1.41463      0.762308
  285       287      0.565847  [ 30.92  0.75  68.33  60.48  8.23  31.29 ]         1.25846      0.762308
  286       288      0.564718  [ 42.20  12.02  45.77  56.30  4.06  39.64 ]         1.11454      0.762308
  287       289      0.563591  [ 42.20  12.02  45.77  56.30  4.06  39.64 ]         1.11454      0.762308
  288       290      0.562466  [ 47.57  17.39  35.04  67.65  15.40  16.95 ]          1.6229      0.762308
  289       291      0.561343  [ 49.25  19.07  31.68  59.83  7.58  32.59 ]         1.54833      0.762308
  290       292      0.560223  [ 57.82  27.64  14.54  53.82  1.57  44.62 ]         2.13604      0.762308
  291       293      0.559105  [ 34.23  4.05  61.72  61.00  8.75  30.26 ]         1.14528      0.762308
  292       294      0.557989  [ 49.48  19.31  31.21  56.22  3.97  39.81 ]         1.56867      0.762308
  293       295      0.556875  [ 35.46  5.28  59.26  68.65  16.41  14.94 ]         1.49948      0.762308
  294       296      0.555763  [ 34.71  4.53  60.76  67.09  14.84  18.08 ]         1.41217      0.762308
  295       297      0.554654  [ 34.01  3.83  62.16  54.89  2.64  42.47 ]        0.857808      0.762308
  296       298      0.553547  [ 34.01  3.83  62.16  54.89  2.64  42.47 ]        0.857808      0.762308
  297       299      0.552442  [ 52.79  22.61  24.60  63.45  11.21  25.34 ]         1.87265      0.762308
  298       300      0.551339  [ 39.65  9.48  50.87  57.77  5.53  36.70 ]         1.07807      0.762308
  299       301      0.550239  [ 34.81  4.64  60.55  64.79  12.54  22.68 ]         1.30136      0.762308
  300       302      0.549141  [ 34.81  4.64  60.55  64.79  12.54  22.68 ]         1.30136      0.762308
  301       303      0.548044  [ 34.81  4.64  60.55  64.79  12.54  22.68 ]         1.30136      0.762308
  302       304      0.546951  [ 40.81  10.63  48.56  54.73  2.49  42.78 ]         1.04029      0.762308
  303       305      0.545859  [ 40.81  10.63  48.56  54.73  2.49  42.78 ]         1.04029      0.762308
  304       306      0.544769  [ 40.81  10.63  48.56  54.73  2.49  42.78 ]         1.04029      0.762308
  305       307      0.543682  [ 40.81  10.63  48.56  54.73  2.49  42.78 ]         1.04029      0.762308
  306       308      0.542597  [ 34.58  4.41  61.01  60.00  7.75  32.25 ]         1.12957      0.762308
  307       309      0.541514  [ 34.58  4.41  61.01  60.00  7.75  32.25 ]         1.12957      0.762308
  308       310      0.540433  [ 38.71  8.53  52.76  61.10  8.85  30.05 ]         1.19425      0.762308
  309       311      0.539354  [ 38.71  8.53  52.76  61.10  8.85  30.05 ]         1.19425      0.762308
  310       312      0.538278  [ 38.71  8.53  52.76  61.10  8.85  30.05 ]         1.19425      0.762308
  311       313      0.537203  [ 38.71  8.53  52.76  61.10  8.85  30.05 ]         1.19425      0.762308
  312       314      0.536131  [ 33.35  3.18  63.47  60.29  8.05  31.66 ]          1.2087      0.762308
  313       315      0.535061  [ 34.88  4.70  60.42  67.44  15.19  17.37 ]         1.46031      0.762308
  314       316      0.533993  [ 33.13  2.96  63.91  56.77  4.52  38.71 ]         0.99651      0.762308
  315       317      0.532927  [ 33.13  2.96  63.91  56.77  4.52  38.71 ]         0.99651      0.762308
  316       318      0.531863  [ 33.13  2.96  63.91  56.77  4.52  38.71 ]         0.99651      0.762308
  317       319      0.530802  [ 33.13  2.96  63.91  56.77  4.52  38.71 ]         0.99651      0.762308
  318       320      0.529742  [ 33.13  2.96  63.91  56.77  4.52  38.71 ]         0.99651      0.762308
  319       321      0.528685  [ 51.39  21.21  27.40  61.79  9.55  28.66 ]         1.71862      0.762308
  320       322       0.52763  [ 51.19  21.01  27.80  57.85  5.60  36.54 ]         1.65905      0.762308
  321       323      0.526576  [ 31.45  1.27  67.28  60.53  8.28  31.19 ]         1.14871      0.762308
  322       324      0.525525  [ 31.45  1.27  67.28  60.53  8.28  31.19 ]         1.14871      0.762308
  323       325      0.524476  [ 41.46  11.28  47.26  55.09  2.85  42.06 ]         1.04018      0.762308
  324       326       0.52343  [ 41.46  11.28  47.26  55.09  2.85  42.06 ]         1.04018      0.762308
  325       327      0.522385  [ 40.65  10.47  48.88  59.57  7.33  33.10 ]         1.17943      0.762308
  326       328      0.521342  [ 40.65  10.47  48.88  59.57  7.33  33.10 ]         1.17943      0.762308
  327       329      0.520301  [ 40.65  10.47  48.88  59.57  7.33  33.10 ]         1.17943      0.762308
  328       330      0.519263  [ 36.33  6.15  57.52  72.87  20.62  6.51 ]         1.66946      0.762308
  329       331      0.518226  [ 43.19  13.01  43.80  65.46  13.21  21.33 ]         1.42154      0.762308
  330       332      0.517192  [ 38.72  8.55  52.73  58.02  5.77  36.21 ]         1.05405      0.762308
  331       333       0.51616  [ 38.72  8.55  52.73  58.02  5.77  36.21 ]         1.05405      0.762308
  332       334       0.51513  [ 38.72  8.55  52.73  58.02  5.77  36.21 ]         1.05405      0.762308
  333       335      0.514101  [ 38.72  8.55  52.73  58.02  5.77  36.21 ]         1.05405      0.762308
  334       336      0.513075  [ 51.57  21.39  27.04  67.64  15.39  16.97 ]         1.84751      0.762308
  335       337      0.512051  [ 51.57  21.39  27.04  67.64  15.39  16.97 ]         1.84751      0.762308
  336       338      0.511029  [ 34.09  3.91  62.00  61.66  9.41  28.93 ]          1.1485      0.762308
  337       339      0.510009  [ 34.09  3.91  62.00  61.66  9.41  28.93 ]          1.1485      0.762308
  338       340      0.508991  [ 34.09  3.91  62.00  61.66  9.41  28.93 ]          1.1485      0.762308
  339       341      0.507975  [ 38.37  8.20  53.43  54.31  2.07  43.62 ]        0.957484      0.762308
  340       342      0.506961  [ 37.06  6.89  56.05  61.37  9.12  29.51 ]         1.18723      0.762308
  341       343      0.505949  [ 34.11  3.93  61.97  62.68  10.43  26.89 ]         1.22402      0.762308
  342       344      0.504939  [ 34.11  3.93  61.97  62.68  10.43  26.89 ]         1.22402      0.762308
  343       345      0.503932  [ 31.75  1.57  66.68  73.01  20.76  6.23 ]         1.73519      0.762308
  344       346      0.502926  [ 31.75  1.57  66.68  73.01  20.76  6.23 ]         1.73519      0.762308
  345       347      0.501922  [ 50.63  20.45  28.92  57.87  5.62  36.51 ]         1.61292      0.762308
  346       348       0.50092  [ 58.72  28.54  12.74  64.44  12.19  23.37 ]         2.23124      0.762308
