******************Parametres initiaux***********************
Points do we try before stepping :N_TRIES=1
Iterations for each T :ITERS_FIXED_T=1
Step size in random walk :STEP_SIZE=200.000000
Boltzmann constant :K=1.000000
Initial temperature :T_INITIAL=1.000000
Damping factor for temperature MU_T=1.002000
Minimal Temperature T_MIN=5.000000e-01
Initial state :58.69	26.82	55.28	19.79	
*************************************************************
#-iter  #-evals   temperature     position   energy
    0         2             1  [ 40.50  8.62  50.88  45.99  10.50  43.51 ]        0.984738      0.984738
    1         3      0.998004  [ 40.50  8.62  50.88  45.99  10.50  43.51 ]        0.984738      0.984738
    2         4      0.996012  [ 43.55  11.68  44.77  39.64  4.15  56.20 ]         1.08311      0.984738
    3         5      0.994024  [ 43.55  11.68  44.77  39.64  4.15  56.20 ]         1.08311      0.984738
    4         6       0.99204  [ 43.55  11.68  44.77  39.64  4.15  56.20 ]         1.08311      0.984738
    5         7       0.99006  [ 50.44  18.56  31.00  55.49  19.99  24.52 ]           1.653      0.984738
    6         8      0.988084  [ 59.35  27.47  13.18  43.38  7.89  48.72 ]         2.23184      0.984738
    7         9      0.986111  [ 40.19  8.32  51.49  36.62  1.13  62.24 ]        0.660146      0.660146
    8        10      0.984143  [ 34.10  2.22  63.68  60.90  25.40  13.70 ]         1.46863      0.660146
    9        11      0.982179  [ 39.27  7.39  53.34  46.99  11.50  41.51 ]        0.957116      0.660146
   10        12      0.980218  [ 39.27  7.39  53.34  46.99  11.50  41.51 ]        0.957116      0.660146
   11        13      0.978262  [ 39.27  7.39  53.34  46.99  11.50  41.51 ]        0.957116      0.660146
   12        14      0.976309  [ 37.64  5.76  56.60  49.71  14.22  36.07 ]         1.04378      0.660146
   13        15       0.97436  [ 37.64  5.76  56.60  49.71  14.22  36.07 ]         1.04378      0.660146
   14        16      0.972416  [ 37.64  5.76  56.60  49.71  14.22  36.07 ]         1.04378      0.660146
   15        17      0.970475  [ 35.64  3.76  60.60  49.91  14.42  35.68 ]         1.01235      0.660146
   16        18      0.968538  [ 35.64  3.76  60.60  49.91  14.42  35.68 ]         1.01235      0.660146
   17        19      0.966604  [ 35.64  3.76  60.60  49.91  14.42  35.68 ]         1.01235      0.660146
   18        20      0.964675  [ 40.95  9.07  49.98  37.54  2.05  60.41 ]        0.857861      0.660146
   19        21      0.962749  [ 40.95  9.07  49.98  37.54  2.05  60.41 ]        0.857861      0.660146
   20        22      0.960828  [ 45.13  13.26  41.61  61.00  25.51  13.50 ]         1.57269      0.660146
   21        23       0.95891  [ 49.27  17.40  33.33  67.12  31.63  1.26 ]          1.8603      0.660146
   22        24      0.956996  [ 38.99  7.11  53.90  36.90  1.41  61.69 ]         0.69053      0.660146
   23        25      0.955086  [ 38.99  7.11  53.90  36.90  1.41  61.69 ]         0.69053      0.660146
   24        26      0.953179  [ 37.29  5.42  57.29  64.80  29.31  5.89 ]         1.60293      0.660146
   25        27      0.951277  [ 33.61  1.73  64.66  37.63  2.13  60.24 ]        0.440166      0.440166
   26        28      0.949378  [ 39.00  7.13  53.87  59.34  23.84  16.82 ]          1.4054      0.440166
   27        29      0.947483  [ 52.54  20.66  26.80  36.15  0.66  63.19 ]          1.7219      0.440166
   28        30      0.945592  [ 60.72  28.85  10.42  39.86  4.36  55.78 ]         2.33541      0.440166
   29        31      0.943705  [ 36.84  4.96  58.20  37.04  1.55  61.41 ]        0.495858      0.440166
   30        32      0.941821  [ 33.32  1.44  65.24  43.10  7.61  49.29 ]        0.663047      0.440166
   31        33      0.939941  [ 33.32  1.44  65.24  43.10  7.61  49.29 ]        0.663047      0.440166
   32        34      0.938065  [ 33.62  1.75  64.64  61.47  25.98  12.55 ]          1.4588      0.440166
   33        35      0.936193  [ 39.29  7.42  53.29  56.18  20.69  23.13 ]         1.28721      0.440166
   34        36      0.934324  [ 49.15  17.28  33.57  48.39  12.90  38.71 ]         1.55832      0.440166
   35        37      0.932459  [ 43.59  11.71  44.70  52.55  17.05  30.40 ]         1.29888      0.440166
   36        38      0.930598  [ 39.23  7.35  53.42  63.01  27.51  9.48 ]         1.54921      0.440166
   37        39       0.92874  [ 56.64  24.77  18.59  44.30  8.80  46.90 ]         2.05522      0.440166
   38        40      0.926887  [ 42.70  10.82  46.48  66.67  31.18  2.15 ]         1.69327      0.440166
   39        41      0.925036  [ 42.29  10.42  47.29  39.75  4.26  56.00 ]        0.926482      0.440166
   40        42       0.92319  [ 42.29  10.42  47.29  39.75  4.26  56.00 ]        0.926482      0.440166
   41        43      0.921347  [ 37.20  5.33  57.46  42.23  6.73  51.04 ]        0.661714      0.440166
   42        44      0.919508  [ 33.07  1.19  65.74  42.60  7.11  50.30 ]        0.643354      0.440166
   43        45      0.917673  [ 39.93  8.06  52.01  43.74  8.25  48.01 ]         0.86186      0.440166
   44        46      0.915841  [ 47.71  15.84  36.45  54.07  18.58  27.35 ]         1.55354      0.440166
   45        47      0.914013  [ 49.25  17.37  33.38  55.24  19.75  25.01 ]         1.71219      0.440166
   46        48      0.912189  [ 41.35  9.47  49.18  65.44  29.94  4.62 ]         1.63788      0.440166
   47        49      0.910368  [ 44.39  12.52  43.09  61.35  25.86  12.79 ]         1.57095      0.440166
   48        50      0.908551  [ 44.39  12.52  43.09  61.35  25.86  12.79 ]         1.57095      0.440166
   49        51      0.906738  [ 51.72  19.85  28.43  40.81  5.32  53.88 ]         1.72433      0.440166
   50        52      0.904928  [ 49.40  17.52  33.08  47.16  11.67  41.17 ]         1.54252      0.440166
   51        53      0.903122  [ 46.07  14.20  39.73  61.67  26.18  12.14 ]         1.63982      0.440166
   52        54      0.901319  [ 47.42  15.54  37.04  45.14  9.65  45.21 ]         1.29664      0.440166
   53        55       0.89952  [ 39.59  7.71  52.70  48.86  13.36  37.78 ]         1.07757      0.440166
   54        56      0.897724  [ 35.48  3.61  60.91  48.39  12.89  38.72 ]        0.929853      0.440166
   55        57      0.895933  [ 35.48  3.61  60.91  48.39  12.89  38.72 ]        0.929853      0.440166
   56        58      0.894144  [ 59.26  27.38  13.36  67.38  31.88  0.74 ]         2.35038      0.440166
   57        59       0.89236  [ 40.78  8.90  50.32  67.36  31.87  0.76 ]         1.70193      0.440166
   58        60      0.890578  [ 40.78  8.90  50.32  67.36  31.87  0.76 ]         1.70193      0.440166
   59        61      0.888801  [ 47.63  15.76  36.61  62.55  27.06  10.39 ]          1.7219      0.440166
   60        62      0.887027  [ 34.22  2.35  63.43  38.68  3.19  58.12 ]        0.473746      0.440166
   61        63      0.885256  [ 34.22  2.35  63.43  38.68  3.19  58.12 ]        0.473746      0.440166
   62        64      0.883489  [ 33.51  1.64  64.85  48.20  12.71  39.09 ]        0.807097      0.440166
   63        65      0.881726  [ 36.24  4.37  59.39  40.73  5.24  54.02 ]        0.660201      0.440166
   64        66      0.879966  [ 47.36  15.49  37.15  38.10  2.61  59.28 ]         1.37552      0.440166
   65        67      0.878209  [ 47.36  15.49  37.15  38.10  2.61  59.28 ]         1.37552      0.440166
   66        68      0.876457  [ 49.43  17.56  33.01  45.81  10.32  43.87 ]         1.45025      0.440166
   67        69      0.874707  [ 42.83  10.95  46.22  53.17  17.68  29.15 ]         1.37259      0.440166
   68        70      0.872961  [ 40.75  8.87  50.38  35.77  0.28  63.95 ]        0.769118      0.440166
   69        71      0.871219  [ 40.75  8.87  50.38  35.77  0.28  63.95 ]        0.769118      0.440166
   70        72       0.86948  [ 40.75  8.87  50.38  35.77  0.28  63.95 ]        0.769118      0.440166
   71        73      0.867744  [ 43.18  11.31  45.52  56.89  21.40  21.71 ]         1.42063      0.440166
   72        74      0.866012  [ 43.18  11.31  45.52  56.89  21.40  21.71 ]         1.42063      0.440166
   73        75      0.864284  [ 53.58  21.70  24.72  36.36  0.86  62.78 ]         1.72247      0.440166
   74        76      0.862559  [ 34.68  2.81  62.51  43.20  7.70  49.10 ]        0.715208      0.440166
   75        77      0.860837  [ 34.68  2.81  62.51  43.20  7.70  49.10 ]        0.715208      0.440166
   76        78      0.859119  [ 34.68  2.81  62.51  43.20  7.70  49.10 ]        0.715208      0.440166
   77        79      0.857404  [ 34.68  2.81  62.51  43.20  7.70  49.10 ]        0.715208      0.440166
   78        80      0.855692  [ 34.68  2.81  62.51  43.20  7.70  49.10 ]        0.715208      0.440166
   79        81      0.853985  [ 37.03  5.16  57.81  37.00  1.51  61.50 ]        0.534449      0.440166
   80        82       0.85228  [ 37.03  5.16  57.81  37.00  1.51  61.50 ]        0.534449      0.440166
   81        83      0.850579  [ 37.03  5.16  57.81  37.00  1.51  61.50 ]        0.534449      0.440166
   82        84      0.848881  [ 37.03  5.16  57.81  37.00  1.51  61.50 ]        0.534449      0.440166
   83        85      0.847187  [ 37.03  5.16  57.81  37.00  1.51  61.50 ]        0.534449      0.440166
   84        86      0.845496  [ 37.03  5.16  57.81  37.00  1.51  61.50 ]        0.534449      0.440166
   85        87      0.843808  [ 37.03  5.16  57.81  37.00  1.51  61.50 ]        0.534449      0.440166
   86        88      0.842124  [ 37.03  5.16  57.81  37.00  1.51  61.50 ]        0.534449      0.440166
   87        89      0.840443  [ 49.65  17.78  32.57  35.80  0.30  63.90 ]         1.37037      0.440166
   88        90      0.838765  [ 49.65  17.78  32.57  35.80  0.30  63.90 ]         1.37037      0.440166
   89        91      0.837091  [ 42.20  10.32  47.48  40.00  4.51  55.49 ]        0.915932      0.440166
   90        92       0.83542  [ 42.20  10.32  47.48  40.00  4.51  55.49 ]        0.915932      0.440166
   91        93      0.833753  [ 44.23  12.35  43.42  49.17  13.68  37.15 ]         1.24136      0.440166
   92        94      0.832089  [ 32.10  0.22  67.68  51.92  16.43  31.65 ]         1.07419      0.440166
   93        95      0.830428  [ 34.78  2.90  62.32  50.51  15.01  34.48 ]        0.982599      0.440166
   94        96       0.82877  [ 32.97  1.09  65.94  38.38  2.89  58.73 ]        0.411208      0.411208
   95        97      0.827116  [ 32.97  1.09  65.94  38.38  2.89  58.73 ]        0.411208      0.411208
   96        98      0.825465  [ 32.97  1.09  65.94  38.38  2.89  58.73 ]        0.411208      0.411208
   97        99      0.823817  [ 32.97  1.09  65.94  38.38  2.89  58.73 ]        0.411208      0.411208
   98       100      0.822173  [ 32.97  1.09  65.94  38.38  2.89  58.73 ]        0.411208      0.411208
   99       101      0.820532  [ 32.97  1.09  65.94  38.38  2.89  58.73 ]        0.411208      0.411208
  100       102      0.818894  [ 59.99  28.12  11.89  58.36  22.87  18.77 ]         2.38351      0.411208
  101       103       0.81726  [ 34.72  2.84  62.44  49.19  13.70  37.11 ]        0.923786      0.411208
  102       104      0.815629  [ 38.80  6.92  54.28  40.06  4.57  55.37 ]        0.771712      0.411208
  103       105      0.814001  [ 44.42  12.55  43.03  62.54  27.05  10.41 ]         1.62086      0.411208
  104       106      0.812376  [ 44.44  12.57  42.99  46.78  11.28  41.94 ]         1.26159      0.411208
  105       107      0.810754  [ 37.63  5.75  56.62  46.85  11.36  41.79 ]        0.869697      0.411208
  106       108      0.809136  [ 37.63  5.75  56.62  46.85  11.36  41.79 ]        0.869697      0.411208
  107       109      0.807521  [ 32.12  0.25  67.62  41.68  6.19  52.14 ]        0.498629      0.411208
  108       110      0.805909  [ 56.74  24.87  18.39  53.95  18.46  27.60 ]         2.09664      0.411208
  109       111      0.804301  [ 56.74  24.87  18.39  53.95  18.46  27.60 ]         2.09664      0.411208
  110       112      0.802695  [ 62.04  30.17  7.79  58.37  22.87  18.76 ]         2.44544      0.411208
  111       113      0.801093  [ 43.87  11.99  44.14  58.10  22.61  19.29 ]         1.50153      0.411208
  112       114      0.799494  [ 37.61  5.74  56.65  46.62  11.13  42.25 ]        0.928279      0.411208
  113       115      0.797898  [ 37.61  5.74  56.65  46.62  11.13  42.25 ]        0.928279      0.411208
  114       116      0.796306  [ 37.61  5.74  56.65  46.62  11.13  42.25 ]        0.928279      0.411208
  115       117      0.794716  [ 37.61  5.74  56.65  46.62  11.13  42.25 ]        0.928279      0.411208
  116       118       0.79313  [ 35.53  3.66  60.81  54.19  18.69  27.12 ]         1.17866      0.411208
  117       119      0.791547  [ 59.77  27.89  12.34  37.75  2.26  59.99 ]         2.19212      0.411208
  118       120      0.789967  [ 50.03  18.15  31.82  65.89  30.40  3.70 ]         1.85828      0.411208
  119       121       0.78839  [ 60.96  29.08  9.96  57.42  21.93  20.65 ]         2.38519      0.411208
  120       122      0.786816  [ 48.34  16.46  35.20  44.38  8.89  46.72 ]         1.46187      0.411208
  121       123      0.785246  [ 48.34  16.46  35.20  44.38  8.89  46.72 ]         1.46187      0.411208
  122       124      0.783679  [ 47.98  16.10  35.92  49.22  13.73  37.06 ]         1.51663      0.411208
  123       125      0.782114  [ 34.96  3.09  61.95  42.41  6.91  50.68 ]        0.655993      0.411208
  124       126      0.780553  [ 32.97  1.10  65.93  48.41  12.92  38.67 ]        0.922923      0.411208
  125       127      0.778995  [ 32.97  1.10  65.93  48.41  12.92  38.67 ]        0.922923      0.411208
  126       128       0.77744  [ 48.29  16.42  35.29  45.29  9.79  44.92 ]         1.44419      0.411208
  127       129      0.775889  [ 48.29  16.42  35.29  45.29  9.79  44.92 ]         1.44419      0.411208
  128       130       0.77434  [ 35.38  3.50  61.12  55.26  19.77  24.98 ]         1.16682      0.411208
  129       131      0.772794  [ 52.61  20.73  26.66  56.70  21.20  22.10 ]         1.88569      0.411208
  130       132      0.771252  [ 37.38  5.51  57.11  44.21  8.72  47.07 ]        0.776449      0.411208
  131       133      0.769712  [ 37.38  5.51  57.11  44.21  8.72  47.07 ]        0.776449      0.411208
  132       134      0.768176  [ 50.06  18.19  31.75  55.16  19.66  25.18 ]          1.6593      0.411208
  133       135      0.766643  [ 44.74  12.86  42.40  62.51  27.02  10.47 ]         1.61954      0.411208
  134       136      0.765113  [ 44.74  12.86  42.40  62.51  27.02  10.47 ]         1.61954      0.411208
  135       137      0.763585  [ 45.95  14.07  39.98  63.98  28.48  7.54 ]         1.69686      0.411208
  136       138      0.762061  [ 59.24  27.36  13.40  43.28  7.79  48.92 ]         2.20229      0.411208
  137       139       0.76054  [ 63.00  31.12  5.88  50.97  15.48  33.55 ]         2.50913      0.411208
  138       140      0.759022  [ 33.42  1.55  65.03  44.21  8.71  47.08 ]        0.683359      0.411208
  139       141      0.757507  [ 33.42  1.55  65.03  44.21  8.71  47.08 ]        0.683359      0.411208
  140       142      0.755995  [ 33.42  1.55  65.03  44.21  8.71  47.08 ]        0.683359      0.411208
  141       143      0.754486  [ 33.42  1.55  65.03  44.21  8.71  47.08 ]        0.683359      0.411208
  142       144       0.75298  [ 33.42  1.55  65.03  44.21  8.71  47.08 ]        0.683359      0.411208
  143       145      0.751477  [ 33.42  1.55  65.03  44.21  8.71  47.08 ]        0.683359      0.411208
  144       146      0.749977  [ 58.90  27.03  14.07  51.32  15.82  32.86 ]         2.17966      0.411208
  145       147       0.74848  [ 42.02  10.14  47.84  61.99  26.49  11.52 ]         1.52432      0.411208
  146       148      0.746986  [ 37.19  5.31  57.50  58.23  22.74  19.03 ]         1.33398      0.411208
  147       149      0.745495  [ 37.28  5.40  57.32  40.88  5.39  53.72 ]        0.636283      0.411208
  148       150      0.744007  [ 37.28  5.40  57.32  40.88  5.39  53.72 ]        0.636283      0.411208
  149       151      0.742522  [ 37.28  5.40  57.32  40.88  5.39  53.72 ]        0.636283      0.411208
  150       152       0.74104  [ 37.28  5.40  57.32  40.88  5.39  53.72 ]        0.636283      0.411208
  151       153      0.739561  [ 37.28  5.40  57.32  40.88  5.39  53.72 ]        0.636283      0.411208
  152       154      0.738085  [ 37.28  5.40  57.32  40.88  5.39  53.72 ]        0.636283      0.411208
  153       155      0.736612  [ 37.28  5.40  57.32  40.88  5.39  53.72 ]        0.636283      0.411208
  154       156      0.735141  [ 45.33  13.46  41.21  47.33  11.84  40.83 ]         1.29878      0.411208
  155       157      0.733674  [ 45.33  13.46  41.21  47.33  11.84  40.83 ]         1.29878      0.411208
  156       158       0.73221  [ 49.46  17.59  32.94  39.95  4.46  55.59 ]         1.48166      0.411208
  157       159      0.730748  [ 49.46  17.59  32.94  39.95  4.46  55.59 ]         1.48166      0.411208
  158       160       0.72929  [ 34.29  2.41  63.30  54.46  18.97  26.57 ]         1.16532      0.411208
  159       161      0.727834  [ 49.96  18.08  31.96  44.75  9.25  46.00 ]         1.58792      0.411208
  160       162      0.726381  [ 50.89  19.01  30.10  58.66  23.17  18.17 ]         1.77724      0.411208
  161       163      0.724931  [ 50.89  19.01  30.10  58.66  23.17  18.17 ]         1.77724      0.411208
  162       164      0.723484  [ 50.56  18.68  30.76  55.68  20.18  24.14 ]         1.69762      0.411208
  163       165       0.72204  [ 37.24  5.37  57.39  41.49  6.00  52.52 ]        0.693049      0.411208
  164       166      0.720599  [ 37.24  5.37  57.39  41.49  6.00  52.52 ]        0.693049      0.411208
  165       167      0.719161  [ 37.24  5.37  57.39  41.49  6.00  52.52 ]        0.693049      0.411208
  166       168      0.717725  [ 37.24  5.37  57.39  41.49  6.00  52.52 ]        0.693049      0.411208
  167       169      0.716293  [ 37.24  5.37  57.39  41.49  6.00  52.52 ]        0.693049      0.411208
  168       170      0.714863  [ 37.24  5.37  57.39  41.49  6.00  52.52 ]        0.693049      0.411208
  169       171      0.713436  [ 37.24  5.37  57.39  41.49  6.00  52.52 ]        0.693049      0.411208
  170       172      0.712012  [ 37.24  5.37  57.39  41.49  6.00  52.52 ]        0.693049      0.411208
  171       173      0.710591  [ 37.24  5.37  57.39  41.49  6.00  52.52 ]        0.693049      0.411208
  172       174      0.709173  [ 37.24  5.37  57.39  41.49  6.00  52.52 ]        0.693049      0.411208
  173       175      0.707757  [ 37.24  5.37  57.39  41.49  6.00  52.52 ]        0.693049      0.411208
  174       176      0.706344  [ 37.24  5.37  57.39  41.49  6.00  52.52 ]        0.693049      0.411208
  175       177      0.704934  [ 39.60  7.72  52.68  44.96  9.47  45.57 ]        0.930137      0.411208
  176       178      0.703527  [ 39.60  7.72  52.68  44.96  9.47  45.57 ]        0.930137      0.411208
  177       179      0.702123  [ 39.60  7.72  52.68  44.96  9.47  45.57 ]        0.930137      0.411208
  178       180      0.700722  [ 39.60  7.72  52.68  44.96  9.47  45.57 ]        0.930137      0.411208
  179       181      0.699323  [ 43.22  11.34  45.44  44.40  8.91  46.69 ]         1.13509      0.411208
  180       182      0.697927  [ 43.75  11.87  44.38  45.10  9.60  45.30 ]         1.09166      0.411208
  181       183      0.696534  [ 43.75  11.87  44.38  45.10  9.60  45.30 ]         1.09166      0.411208
  182       184      0.695144  [ 43.75  11.87  44.38  45.10  9.60  45.30 ]         1.09166      0.411208
  183       185      0.693756  [ 50.74  18.87  30.39  54.63  19.13  26.24 ]         1.69723      0.411208
  184       186      0.692372  [ 42.86  10.99  46.15  66.40  30.91  2.69 ]         1.68584      0.411208
  185       187       0.69099  [ 42.86  10.99  46.15  66.40  30.91  2.69 ]         1.68584      0.411208
  186       188       0.68961  [ 39.57  7.70  52.73  38.83  3.33  57.84 ]        0.706601      0.411208
  187       189      0.688234  [ 39.57  7.70  52.73  38.83  3.33  57.84 ]        0.706601      0.411208
  188       190       0.68686  [ 39.57  7.70  52.73  38.83  3.33  57.84 ]        0.706601      0.411208
  189       191      0.685489  [ 39.57  7.70  52.73  38.83  3.33  57.84 ]        0.706601      0.411208
  190       192      0.684121  [ 32.35  0.48  67.17  39.02  3.53  57.45 ]        0.398999      0.398999
  191       193      0.682755  [ 32.35  0.48  67.17  39.02  3.53  57.45 ]        0.398999      0.398999
  192       194      0.681393  [ 32.35  0.48  67.17  39.02  3.53  57.45 ]        0.398999      0.398999
  193       195      0.680033  [ 32.35  0.48  67.17  39.02  3.53  57.45 ]        0.398999      0.398999
  194       196      0.678675  [ 32.35  0.48  67.17  39.02  3.53  57.45 ]        0.398999      0.398999
  195       197      0.677321  [ 32.35  0.48  67.17  39.02  3.53  57.45 ]        0.398999      0.398999
  196       198      0.675969  [ 42.00  10.12  47.88  59.93  24.44  15.63 ]         1.51613      0.398999
  197       199      0.674619  [ 46.96  15.08  37.96  46.16  10.67  43.17 ]         1.44681      0.398999
  198       200      0.673273  [ 36.29  4.42  59.29  42.37  6.88  50.75 ]        0.712307      0.398999
  199       201      0.671929  [ 37.48  5.60  56.92  41.56  6.06  52.38 ]        0.751531      0.398999
  200       202      0.670588  [ 37.48  5.60  56.92  41.56  6.06  52.38 ]        0.751531      0.398999
  201       203      0.669249  [ 38.88  7.01  54.11  57.91  22.41  19.68 ]         1.32894      0.398999
  202       204      0.667914  [ 38.88  7.01  54.11  57.91  22.41  19.68 ]         1.32894      0.398999
  203       205       0.66658  [ 36.41  4.54  59.05  46.96  11.47  41.57 ]        0.875431      0.398999
  204       206       0.66525  [ 36.41  4.54  59.05  46.96  11.47  41.57 ]        0.875431      0.398999
  205       207      0.663922  [ 36.41  4.54  59.05  46.96  11.47  41.57 ]        0.875431      0.398999
  206       208      0.662597  [ 46.18  14.31  39.51  44.67  9.18  46.15 ]         1.36999      0.398999
  207       209      0.661274  [ 46.18  14.31  39.51  44.67  9.18  46.15 ]         1.36999      0.398999
  208       210      0.659954  [ 46.18  14.31  39.51  44.67  9.18  46.15 ]         1.36999      0.398999
  209       211      0.658637  [ 60.78  28.90  10.32  54.00  18.51  27.49 ]         2.34757      0.398999
  210       212      0.657322  [ 53.04  21.17  25.79  55.90  20.41  23.69 ]         1.93502      0.398999
  211       213       0.65601  [ 53.04  21.17  25.79  55.90  20.41  23.69 ]         1.93502      0.398999
  212       214      0.654701  [ 40.19  8.31  51.50  39.23  3.74  57.03 ]        0.804027      0.398999
  213       215      0.653394  [ 46.77  14.89  38.34  36.91  1.42  61.68 ]          1.1756      0.398999
  214       216       0.65209  [ 46.77  14.89  38.34  36.91  1.42  61.68 ]          1.1756      0.398999
  215       217      0.650789  [ 40.38  8.51  51.11  48.39  12.90  38.72 ]         1.04609      0.398999
  216       218       0.64949  [ 40.38  8.51  51.11  48.39  12.90  38.72 ]         1.04609      0.398999
  217       219      0.648193  [ 40.38  8.51  51.11  48.39  12.90  38.72 ]         1.04609      0.398999
  218       220      0.646899  [ 40.38  8.51  51.11  48.39  12.90  38.72 ]         1.04609      0.398999
  219       221      0.645608  [ 40.38  8.51  51.11  48.39  12.90  38.72 ]         1.04609      0.398999
  220       222      0.644319  [ 40.38  8.51  51.11  48.39  12.90  38.72 ]         1.04609      0.398999
  221       223      0.643033  [ 40.38  8.51  51.11  48.39  12.90  38.72 ]         1.04609      0.398999
  222       224       0.64175  [ 34.33  2.46  63.21  51.96  16.47  31.57 ]         1.02147      0.398999
  223       225      0.640469  [ 50.94  19.06  30.00  48.24  12.74  39.02 ]         1.69614      0.398999
  224       226      0.639191  [ 45.10  13.23  41.67  61.55  26.06  12.40 ]         1.58599      0.398999
  225       227      0.637915  [ 39.58  7.71  52.71  47.40  11.90  40.70 ]        0.994732      0.398999
  226       228      0.636641  [ 47.89  16.01  36.10  45.82  10.32  43.86 ]         1.53068      0.398999
  227       229      0.635371  [ 47.08  15.21  37.71  49.60  14.10  36.30 ]         1.44942      0.398999
  228       230      0.634103  [ 47.08  15.21  37.71  49.60  14.10  36.30 ]         1.44942      0.398999
  229       231      0.632837  [ 47.81  15.94  36.25  48.44  12.95  38.61 ]         1.51001      0.398999
  230       232      0.631574  [ 47.81  15.94  36.25  48.44  12.95  38.61 ]         1.51001      0.398999
  231       233      0.630313  [ 43.23  11.36  45.41  55.27  19.78  24.96 ]         1.34631      0.398999
  232       234      0.629055  [ 49.17  17.30  33.53  54.76  19.27  25.97 ]         1.66661      0.398999
  233       235      0.627799  [ 55.68  23.81  20.51  53.40  17.91  28.68 ]         2.05771      0.398999
  234       236      0.626546  [ 41.18  9.31  49.51  50.50  15.01  34.49 ]         1.16795      0.398999
  235       237      0.625296  [ 43.58  11.71  44.71  38.47  2.98  58.56 ]         1.05319      0.398999
  236       238      0.624048  [ 42.51  10.63  46.86  45.81  10.32  43.88 ]         1.06222      0.398999
  237       239      0.622802  [ 36.66  4.78  58.56  50.60  15.10  34.30 ]         1.07496      0.398999
  238       240      0.621559  [ 32.50  0.62  66.88  40.01  4.51  55.48 ]        0.386206      0.386206
  239       241      0.620318  [ 32.50  0.62  66.88  40.01  4.51  55.48 ]        0.386206      0.386206
  240       242       0.61908  [ 32.50  0.62  66.88  40.01  4.51  55.48 ]        0.386206      0.386206
  241       243      0.617844  [ 32.50  0.62  66.88  40.01  4.51  55.48 ]        0.386206      0.386206
  242       244      0.616611  [ 32.50  0.62  66.88  40.01  4.51  55.48 ]        0.386206      0.386206
  243       245       0.61538  [ 32.50  0.62  66.88  40.01  4.51  55.48 ]        0.386206      0.386206
  244       246      0.614152  [ 32.50  0.62  66.88  40.01  4.51  55.48 ]        0.386206      0.386206
  245       247      0.612926  [ 42.40  10.52  47.08  53.77  18.27  27.96 ]         1.34582      0.386206
  246       248      0.611703  [ 44.86  12.99  42.15  48.74  13.25  38.00 ]         1.30744      0.386206
  247       249      0.610482  [ 33.27  1.40  65.33  41.78  6.29  51.93 ]        0.592523      0.386206
  248       250      0.609263  [ 33.27  1.40  65.33  41.78  6.29  51.93 ]        0.592523      0.386206
  249       251      0.608047  [ 33.27  1.40  65.33  41.78  6.29  51.93 ]        0.592523      0.386206
  250       252      0.606834  [ 33.27  1.40  65.33  41.78  6.29  51.93 ]        0.592523      0.386206
  251       253      0.605622  [ 33.27  1.40  65.33  41.78  6.29  51.93 ]        0.592523      0.386206
  252       254      0.604414  [ 33.27  1.40  65.33  41.78  6.29  51.93 ]        0.592523      0.386206
  253       255      0.603207  [ 39.13  7.25  53.62  46.39  10.89  42.72 ]        0.946259      0.386206
  254       256      0.602003  [ 39.13  7.25  53.62  46.39  10.89  42.72 ]        0.946259      0.386206
  255       257      0.600802  [ 33.53  1.65  64.82  54.56  19.07  26.37 ]         1.12445      0.386206
  256       258      0.599602  [ 47.61  15.73  36.66  63.14  27.65  9.21 ]         1.69293      0.386206
  257       259      0.598405  [ 34.22  2.34  63.44  60.68  25.19  14.12 ]         1.44692      0.386206
  258       260      0.597211  [ 45.09  13.21  41.70  37.36  1.87  60.78 ]         1.12569      0.386206
  259       261      0.596019  [ 45.09  13.21  41.70  37.36  1.87  60.78 ]         1.12569      0.386206
  260       262      0.594829  [ 45.09  13.21  41.70  37.36  1.87  60.78 ]         1.12569      0.386206
  261       263      0.593642  [ 39.26  7.39  53.35  46.59  11.10  42.31 ]        0.964269      0.386206
  262       264      0.592457  [ 51.95  20.07  27.98  39.61  4.12  56.26 ]         1.68365      0.386206
  263       265      0.591275  [ 65.92  34.04  0.04  62.21  26.72  11.08 ]         2.72611      0.386206
  264       266      0.590094  [ 45.28  13.40  41.32  47.98  12.49  39.53 ]         1.33476      0.386206
  265       267      0.588917  [ 50.52  18.64  30.84  38.87  3.38  57.76 ]         1.48873      0.386206
  266       268      0.587741  [ 50.52  18.64  30.84  38.87  3.38  57.76 ]         1.48873      0.386206
  267       269      0.586568  [ 50.52  18.64  30.84  38.87  3.38  57.76 ]         1.48873      0.386206
  268       270      0.585397  [ 41.43  9.56  49.01  52.10  16.61  31.29 ]         1.21519      0.386206
  269       271      0.584229  [ 41.43  9.56  49.01  52.10  16.61  31.29 ]         1.21519      0.386206
  270       272      0.583063  [ 37.83  5.95  56.22  60.92  25.43  13.65 ]          1.4365      0.386206
  271       273      0.581899  [ 37.83  5.95  56.22  60.92  25.43  13.65 ]          1.4365      0.386206
  272       274      0.580737  [ 56.91  25.04  18.05  51.43  15.94  32.63 ]         2.13352      0.386206
  273       275      0.579578  [ 54.67  22.79  22.54  52.42  16.93  30.65 ]         1.99164      0.386206
  274       276      0.578421  [ 54.67  22.79  22.54  52.42  16.93  30.65 ]         1.99164      0.386206
  275       277      0.577267  [ 62.13  30.25  7.62  52.52  17.03  30.45 ]         2.44963      0.386206
  276       278      0.576115  [ 60.66  28.78  10.56  67.04  31.55  1.41 ]         2.39751      0.386206
  277       279      0.574965  [ 60.66  28.78  10.56  67.04  31.55  1.41 ]         2.39751      0.386206
  278       280      0.573817  [ 64.81  32.94  2.26  44.33  8.83  46.84 ]         2.65393      0.386206
  279       281      0.572672  [ 64.12  32.25  3.63  40.82  5.33  53.85 ]         2.57327      0.386206
  280       282      0.571529  [ 32.51  0.64  66.85  64.49  28.99  6.52 ]         1.64485      0.386206
  281       283      0.570388  [ 38.23  6.36  55.41  44.89  9.40  45.72 ]        0.867452      0.386206
  282       284      0.569249  [ 37.88  6.01  56.11  39.35  3.86  56.79 ]        0.621323      0.386206
  283       285      0.568113  [ 37.88  6.01  56.11  39.35  3.86  56.79 ]        0.621323      0.386206
  284       286      0.566979  [ 37.88  6.01  56.11  39.35  3.86  56.79 ]        0.621323      0.386206
  285       287      0.565847  [ 37.88  6.01  56.11  39.35  3.86  56.79 ]        0.621323      0.386206
  286       288      0.564718  [ 37.88  6.01  56.11  39.35  3.86  56.79 ]        0.621323      0.386206
  287       289      0.563591  [ 37.88  6.01  56.11  39.35  3.86  56.79 ]        0.621323      0.386206
  288       290      0.562466  [ 37.88  6.01  56.11  39.35  3.86  56.79 ]        0.621323      0.386206
  289       291      0.561343  [ 37.88  6.01  56.11  39.35  3.86  56.79 ]        0.621323      0.386206
  290       292      0.560223  [ 37.88  6.01  56.11  39.35  3.86  56.79 ]        0.621323      0.386206
  291       293      0.559105  [ 37.88  6.01  56.11  39.35  3.86  56.79 ]        0.621323      0.386206
  292       294      0.557989  [ 37.88  6.01  56.11  39.35  3.86  56.79 ]        0.621323      0.386206
  293       295      0.556875  [ 37.88  6.01  56.11  39.35  3.86  56.79 ]        0.621323      0.386206
  294       296      0.555763  [ 33.48  1.61  64.91  64.60  29.11  6.29 ]          1.6128      0.386206
  295       297      0.554654  [ 50.63  18.76  30.61  64.59  29.09  6.32 ]         1.85887      0.386206
  296       298      0.553547  [ 32.20  0.32  67.48  40.25  4.76  54.98 ]        0.540088      0.386206
  297       299      0.552442  [ 43.89  12.01  44.10  36.22  0.73  63.05 ]        0.941119      0.386206
  298       300      0.551339  [ 43.89  12.01  44.10  36.22  0.73  63.05 ]        0.941119      0.386206
  299       301      0.550239  [ 43.89  12.01  44.10  36.22  0.73  63.05 ]        0.941119      0.386206
  300       302      0.549141  [ 38.90  7.03  54.07  48.71  13.22  38.07 ]        0.973748      0.386206
  301       303      0.548044  [ 38.90  7.03  54.07  48.71  13.22  38.07 ]        0.973748      0.386206
  302       304      0.546951  [ 38.90  7.03  54.07  48.71  13.22  38.07 ]        0.973748      0.386206
  303       305      0.545859  [ 50.86  18.99  30.15  52.72  17.23  30.04 ]         1.73119      0.386206
  304       306      0.544769  [ 52.41  20.54  27.05  41.81  6.32  51.87 ]          1.7311      0.386206
  305       307      0.543682  [ 45.02  13.14  41.84  51.59  16.10  32.31 ]         1.36825      0.386206
  306       308      0.542597  [ 45.02  13.14  41.84  51.59  16.10  32.31 ]         1.36825      0.386206
  307       309      0.541514  [ 37.20  5.32  57.48  63.60  28.11  8.29 ]         1.56224      0.386206
  308       310      0.540433  [ 38.28  6.41  55.31  40.87  5.38  53.75 ]        0.699407      0.386206
  309       311      0.539354  [ 36.43  4.56  59.01  57.27  21.77  20.96 ]         1.28081      0.386206
  310       312      0.538278  [ 36.43  4.56  59.01  57.27  21.77  20.96 ]         1.28081      0.386206
  311       313      0.537203  [ 36.43  4.56  59.01  57.27  21.77  20.96 ]         1.28081      0.386206
  312       314      0.536131  [ 36.43  4.56  59.01  57.27  21.77  20.96 ]         1.28081      0.386206
  313       315      0.535061  [ 36.07  4.20  59.73  54.25  18.76  26.99 ]          1.1549      0.386206
  314       316      0.533993  [ 36.07  4.20  59.73  54.25  18.76  26.99 ]          1.1549      0.386206
  315       317      0.532927  [ 36.07  4.20  59.73  54.25  18.76  26.99 ]          1.1549      0.386206
  316       318      0.531863  [ 41.98  10.11  47.91  56.28  20.78  22.94 ]         1.37032      0.386206
  317       319      0.530802  [ 41.98  10.11  47.91  56.28  20.78  22.94 ]         1.37032      0.386206
  318       320      0.529742  [ 35.89  4.01  60.10  52.26  16.77  30.98 ]         1.03333      0.386206
  319       321      0.528685  [ 35.89  4.01  60.10  52.26  16.77  30.98 ]         1.03333      0.386206
  320       322       0.52763  [ 35.89  4.01  60.10  52.26  16.77  30.98 ]         1.03333      0.386206
  321       323      0.526576  [ 56.74  24.87  18.39  35.90  0.41  63.69 ]         2.01563      0.386206
  322       324      0.525525  [ 33.21  1.34  65.45  50.29  14.80  34.91 ]        0.936538      0.386206
  323       325      0.524476  [ 33.21  1.34  65.45  50.29  14.80  34.91 ]        0.936538      0.386206
  324       326       0.52343  [ 47.50  15.62  36.88  51.44  15.95  32.61 ]         1.50577      0.386206
  325       327      0.522385  [ 49.04  17.16  33.80  58.37  22.88  18.75 ]         1.69584      0.386206
  326       328      0.521342  [ 36.86  4.98  58.16  67.39  31.90  0.72 ]          1.7068      0.386206
  327       329      0.520301  [ 41.20  9.33  49.47  44.26  8.76  46.98 ]        0.933706      0.386206
  328       330      0.519263  [ 35.79  3.92  60.29  58.91  23.42  17.67 ]         1.34688      0.386206
  329       331      0.518226  [ 50.90  19.02  30.08  42.73  7.24  50.03 ]         1.59535      0.386206
  330       332      0.517192  [ 40.75  8.88  50.37  61.66  26.16  12.18 ]          1.4914      0.386206
  331       333       0.51616  [ 40.75  8.88  50.37  61.66  26.16  12.18 ]          1.4914      0.386206
  332       334       0.51513  [ 40.75  8.88  50.37  61.66  26.16  12.18 ]          1.4914      0.386206
  333       335      0.514101  [ 47.96  16.08  35.96  46.62  11.12  42.26 ]         1.49693      0.386206
  334       336      0.513075  [ 47.96  16.08  35.96  46.62  11.12  42.26 ]         1.49693      0.386206
  335       337      0.512051  [ 32.79  0.92  66.29  36.54  1.05  62.41 ]        0.246228      0.246228
  336       338      0.511029  [ 32.79  0.92  66.29  36.54  1.05  62.41 ]        0.246228      0.246228
  337       339      0.510009  [ 32.79  0.92  66.29  36.54  1.05  62.41 ]        0.246228      0.246228
  338       340      0.508991  [ 32.79  0.92  66.29  36.54  1.05  62.41 ]        0.246228      0.246228
  339       341      0.507975  [ 32.79  0.92  66.29  36.54  1.05  62.41 ]        0.246228      0.246228
  340       342      0.506961  [ 32.79  0.92  66.29  36.54  1.05  62.41 ]        0.246228      0.246228
  341       343      0.505949  [ 32.79  0.92  66.29  36.54  1.05  62.41 ]        0.246228      0.246228
  342       344      0.504939  [ 32.79  0.92  66.29  36.54  1.05  62.41 ]        0.246228      0.246228
  343       345      0.503932  [ 32.79  0.92  66.29  36.54  1.05  62.41 ]        0.246228      0.246228
  344       346      0.502926  [ 36.08  4.21  59.71  38.03  2.53  59.44 ]        0.525942      0.246228
  345       347      0.501922  [ 36.08  4.21  59.71  38.03  2.53  59.44 ]        0.525942      0.246228
  346       348       0.50092  [ 36.08  4.21  59.71  38.03  2.53  59.44 ]        0.525942      0.246228
