******************Parametres initiaux***********************
Points do we try before stepping :N_TRIES=1
Iterations for each T :ITERS_FIXED_T=1
Step size in random walk :STEP_SIZE=200.000000
Boltzmann constant :K=1.000000
Initial temperature :T_INITIAL=1.000000
Damping factor for temperature MU_T=1.002000
Minimal Temperature T_MIN=5.000000e-01
Initial state :1.21	90.84	6.61	84.18	
*************************************************************
#-iter  #-evals   temperature     position   energy
    0         2             1  [ 4.75  94.37  0.89  2.35  79.91  17.74 ]         2.72845        2.6827
    1         3      0.998004  [ 4.44  94.06  1.51  9.54  87.11  3.35 ]         2.72611        2.6827
    2         4      0.996012  [ 2.56  92.18  5.26  3.61  81.18  15.20 ]         2.69524        2.6827
    3         5      0.994024  [ 5.18  94.80  0.02  6.28  83.85  9.87 ]         2.72845        2.6827
    4         6       0.99204  [ 0.69  90.31  9.00  1.08  78.65  20.27 ]         2.65579       2.65579
    5         7       0.99006  [ 0.49  90.11  9.41  6.42  83.99  9.59 ]         2.67404       2.65579
    6         8      0.988084  [ 1.14  90.76  8.10  10.43  87.99  1.58 ]          2.7103       2.65579
    7         9      0.986111  [ 2.20  91.83  5.97  4.46  82.03  13.52 ]         2.69635       2.65579
    8        10      0.984143  [ 4.88  94.51  0.61  1.48  79.05  19.47 ]         2.71949       2.65579
    9        11      0.982179  [ 0.82  90.45  8.73  4.15  81.72  14.13 ]         2.68051       2.65579
   10        12      0.980218  [ 1.51  91.13  7.36  7.51  85.07  7.42 ]         2.68409       2.65579
   11        13      0.978262  [ 1.55  91.17  7.28  2.35  79.92  17.74 ]          2.6713       2.65579
   12        14      0.976309  [ 4.70  94.32  0.98  10.91  88.48  0.61 ]         2.72432       2.65579
   13        15       0.97436  [ 1.83  91.46  6.71  10.98  88.55  0.48 ]         2.68883       2.65579
   14        16      0.972416  [ 2.90  92.52  4.58  10.26  87.83  1.91 ]         2.70671       2.65579
   15        17      0.970475  [ 2.48  92.11  5.41  8.49  86.05  5.46 ]         2.70563       2.65579
   16        18      0.968538  [ 1.08  90.70  8.22  3.89  81.46  14.65 ]         2.66962       2.65579
   17        19      0.966604  [ 1.42  91.04  7.54  8.67  86.24  5.09 ]         2.68396       2.65579
   18        20      0.964675  [ 1.01  90.64  8.35  10.52  88.09  1.39 ]         2.68808       2.65579
   19        21      0.962749  [ 0.16  89.78  10.06  0.43  77.99  21.58 ]         2.65695       2.65579
   20        22      0.960828  [ 0.31  89.94  9.75  2.78  80.35  16.88 ]         2.66115       2.65579
   21        23       0.95891  [ 2.56  92.18  5.26  7.38  84.95  7.67 ]         2.69486       2.65579
   22        24      0.956996  [ 4.78  94.41  0.81  9.85  87.42  2.73 ]         2.72377       2.65579
   23        25      0.955086  [ 0.14  89.77  10.09  9.91  87.47  2.62 ]         2.67596       2.65579
   24        26      0.953179  [ 1.19  90.82  7.99  9.00  86.56  4.44 ]         2.68913       2.65579
   25        27      0.951277  [ 4.18  93.80  2.02  4.11  81.67  14.22 ]         2.70958       2.65579
   26        28      0.949378  [ 3.90  93.52  2.58  3.20  80.77  16.03 ]         2.71178       2.65579
   27        29      0.947483  [ 4.74  94.36  0.90  4.53  82.09  13.38 ]         2.72019       2.65579
   28        30      0.945592  [ 5.04  94.66  0.30  9.70  87.27  3.03 ]         2.72845       2.65579
   29        31      0.943705  [ 3.34  92.97  3.69  6.55  84.12  9.34 ]         2.70654       2.65579
   30        32      0.941821  [ 1.28  90.90  7.82  4.66  82.23  13.11 ]         2.67045       2.65579
   31        33      0.939941  [ 3.46  93.08  3.46  2.81  80.37  16.82 ]         2.70943       2.65579
   32        34      0.938065  [ 0.64  90.26  9.10  2.62  80.19  17.20 ]         2.66123       2.65579
   33        35      0.936193  [ 0.09  89.72  10.19  3.80  81.36  14.84 ]         2.64044       2.64044
   34        36      0.934324  [ 0.74  90.36  8.90  9.92  87.49  2.60 ]         2.67856       2.64044
   35        37      0.932459  [ 3.08  92.70  4.22  6.79  84.35  8.86 ]         2.70258       2.64044
   36        38      0.930598  [ 2.24  91.86  5.90  6.98  84.55  8.46 ]         2.69649       2.64044
   37        39       0.92874  [ 3.51  93.13  3.36  9.28  86.84  3.88 ]         2.70671       2.64044
   38        40      0.926887  [ 0.97  90.60  8.43  3.72  81.29  14.99 ]         2.65721       2.64044
   39        41      0.925036  [ 1.46  91.08  7.46  0.32  77.89  21.79 ]         2.67658       2.64044
   40        42       0.92319  [ 3.31  92.93  3.76  8.77  86.34  4.89 ]         2.70437       2.64044
   41        43      0.921347  [ 0.66  90.28  9.06  3.14  80.71  16.15 ]          2.6666       2.64044
   42        44      0.919508  [ 4.63  94.26  1.11  3.72  81.29  14.99 ]          2.7166       2.64044
   43        45      0.917673  [ 1.91  91.53  6.56  7.19  84.76  8.05 ]         2.66957       2.64044
   44        46      0.915841  [ 4.69  94.31  1.00  4.34  81.90  13.76 ]         2.72073       2.64044
   45        47      0.914013  [ 2.03  91.66  6.31  1.50  79.07  19.43 ]         2.66294       2.64044
   46        48      0.912189  [ 0.31  89.94  9.75  10.97  88.54  0.49 ]         2.66621       2.64044
   47        49      0.910368  [ 5.05  94.68  0.27  5.38  82.95  11.68 ]         2.72198       2.64044
   48        50      0.908551  [ 3.78  93.40  2.82  4.20  81.77  14.02 ]         2.70172       2.64044
   49        51      0.906738  [ 2.01  91.64  6.35  7.79  85.36  6.85 ]         2.67908       2.64044
   50        52      0.904928  [ 4.10  93.72  2.18  1.55  79.12  19.33 ]         2.70999       2.64044
   51        53      0.903122  [ 4.25  93.87  1.88  10.71  88.27  1.02 ]         2.72377       2.64044
   52        54      0.901319  [ 2.67  92.30  5.03  10.50  88.07  1.43 ]         2.69558       2.64044
   53        55       0.89952  [ 4.14  93.77  2.09  0.59  78.15  21.26 ]          2.7177       2.64044
   54        56      0.897724  [ 2.61  92.23  5.16  3.81  81.38  14.80 ]         2.68684       2.64044
   55        57      0.895933  [ 0.93  90.56  8.51  4.70  82.26  13.04 ]         2.67817       2.64044
   56        58      0.894144  [ 5.03  94.65  0.32  10.32  87.88  1.80 ]         2.72845       2.64044
   57        59       0.89236  [ 1.02  90.64  8.34  5.36  82.93  11.70 ]         2.66079       2.64044
   58        60      0.890578  [ 2.04  91.67  6.29  10.44  88.00  1.56 ]         2.68343       2.64044
   59        61      0.888801  [ 2.93  92.55  4.52  9.50  87.07  3.43 ]          2.6868       2.64044
   60        62      0.887027  [ 5.09  94.71  0.20  3.53  81.09  15.38 ]         2.72845       2.64044
   61        63      0.885256  [ 0.02  89.64  10.34  2.16  79.73  18.11 ]         2.64745       2.64044
   62        64      0.883489  [ 4.94  94.57  0.49  7.86  85.43  6.71 ]         2.72611       2.64044
   63        65      0.881726  [ 3.30  92.92  3.78  10.42  87.99  1.59 ]         2.70976       2.64044
   64        66      0.879966  [ 5.07  94.70  0.23  7.28  84.85  7.87 ]         2.72845       2.64044
   65        67      0.878209  [ 2.63  92.25  5.11  10.98  88.55  0.47 ]          2.6958       2.64044
   66        68      0.876457  [ 4.30  93.93  1.77  4.53  82.10  13.36 ]         2.71426       2.64044
   67        69      0.874707  [ 4.29  93.91  1.80  11.13  88.69  0.18 ]         2.72143       2.64044
   68        70      0.872961  [ 0.69  90.32  8.99  7.65  85.22  7.14 ]         2.66904       2.64044
   69        71      0.871219  [ 3.04  92.67  4.29  3.68  81.25  15.08 ]         2.70048       2.64044
   70        72       0.86948  [ 5.04  94.66  0.31  3.02  80.59  16.39 ]         2.72845       2.64044
   71        73      0.867744  [ 2.02  91.64  6.33  5.31  82.88  11.82 ]         2.68326       2.64044
   72        74      0.866012  [ 3.42  93.05  3.53  2.86  80.43  16.71 ]          2.7082       2.64044
   73        75      0.864284  [ 4.14  93.76  2.10  7.86  85.43  6.72 ]         2.71247       2.64044
   74        76      0.862559  [ 0.25  89.88  9.87  6.94  84.51  8.56 ]         2.67404       2.64044
   75        77      0.860837  [ 2.36  91.98  5.66  7.22  84.78  8.00 ]         2.69649       2.64044
   76        78      0.859119  [ 0.74  90.37  8.89  6.03  83.60  10.36 ]         2.66616       2.64044
   77        79      0.857404  [ 1.36  90.98  7.66  9.07  86.63  4.30 ]         2.68088       2.64044
   78        80      0.855692  [ 1.92  91.54  6.54  11.08  88.65  0.27 ]         2.69348       2.64044
   79        81      0.853985  [ 2.67  92.29  5.04  6.71  84.28  9.02 ]         2.70943       2.64044
   80        82       0.85228  [ 3.62  93.25  3.13  3.47  81.04  15.49 ]         2.69993       2.64044
   81        83      0.850579  [ 1.29  90.91  7.80  1.41  78.98  19.61 ]         2.67365       2.64044
   82        84      0.848881  [ 5.07  94.69  0.24  9.75  87.32  2.92 ]         2.72845       2.64044
   83        85      0.847187  [ 3.00  92.62  4.38  0.22  77.79  21.99 ]         2.70696       2.64044
   84        86      0.845496  [ 1.41  91.03  7.56  7.88  85.44  6.68 ]         2.67817       2.64044
   85        87      0.843808  [ 1.41  91.03  7.56  7.88  85.44  6.68 ]         2.67817       2.64044
   86        88      0.842124  [ 1.80  91.42  6.77  2.18  79.75  18.07 ]         2.66123       2.64044
   87        89      0.840443  [ 4.01  93.63  2.37  5.56  83.13  11.32 ]         2.72129       2.64044
   88        90      0.838765  [ 5.14  94.76  0.10  7.16  84.73  8.10 ]         2.72845       2.64044
   89        91      0.837091  [ 2.71  92.33  4.96  0.15  77.72  22.12 ]         2.69802       2.64044
   90        92       0.83542  [ 3.25  92.87  3.88  7.60  85.17  7.23 ]         2.69665       2.64044
   91        93      0.833753  [ 5.10  94.72  0.18  2.40  79.96  17.64 ]         2.72845       2.64044
   92        94      0.832089  [ 1.41  91.04  7.55  3.46  81.03  15.52 ]          2.6732       2.64044
   93        95      0.830428  [ 4.88  94.50  0.62  7.51  85.08  7.41 ]         2.72845       2.64044
   94        96       0.82877  [ 4.47  94.10  1.43  3.98  81.55  14.48 ]         2.72073       2.64044
   95        97      0.827116  [ 2.94  92.56  4.50  7.20  84.76  8.04 ]         2.70834       2.64044
   96        98      0.825465  [ 3.70  93.32  2.98  9.70  87.26  3.04 ]         2.71964       2.64044
   97        99      0.823817  [ 5.06  94.69  0.25  0.92  78.49  20.60 ]         2.72487       2.64044
   98       100      0.822173  [ 1.13  90.75  8.12  6.06  83.63  10.31 ]         2.68427       2.64044
   99       101      0.820532  [ 2.38  92.00  5.62  2.42  79.98  17.60 ]         2.68438       2.64044
  100       102      0.818894  [ 3.63  93.26  3.11  5.42  82.99  11.59 ]         2.70764       2.64044
  101       103       0.81726  [ 5.02  94.65  0.33  6.74  84.30  8.96 ]         2.72666       2.64044
  102       104      0.815629  [ 1.05  90.67  8.27  8.82  86.38  4.80 ]         2.68787       2.64044
  103       105      0.814001  [ 2.70  92.32  4.99  1.19  78.76  20.05 ]         2.69623       2.64044
  104       106      0.812376  [ 0.66  90.28  9.07  11.18  88.75  0.07 ]         2.67033       2.64044
  105       107      0.810754  [ 0.17  89.79  10.04  6.74  84.31  8.95 ]         2.66417       2.64044
  106       108      0.809136  [ 4.06  93.69  2.25  6.04  83.61  10.35 ]         2.71426       2.64044
  107       109      0.807521  [ 4.37  94.00  1.63  4.27  81.84  13.89 ]         2.71894       2.64044
  108       110      0.805909  [ 5.08  94.71  0.21  7.63  85.20  7.17 ]         2.72845       2.64044
  109       111      0.804301  [ 1.54  91.16  7.30  8.93  86.50  4.57 ]          2.6902       2.64044
  110       112      0.802695  [ 0.73  90.35  8.93  4.35  81.92  13.73 ]         2.66962       2.64044
  111       113      0.801093  [ 1.34  90.97  7.69  3.11  80.68  16.21 ]         2.67018       2.64044
  112       114      0.799494  [ 4.29  93.91  1.81  6.85  84.41  8.74 ]         2.72073       2.64044
  113       115      0.797898  [ 0.42  90.05  9.53  9.95  87.52  2.54 ]         2.66111       2.64044
  114       116      0.796306  [ 0.64  90.26  9.10  4.18  81.75  14.07 ]         2.65005       2.64044
  115       117      0.794716  [ 1.15  90.77  8.08  2.87  80.44  16.69 ]         2.66058       2.64044
  116       118       0.79313  [ 0.78  90.40  8.83  10.45  88.02  1.53 ]         2.67648       2.64044
  117       119      0.791547  [ 3.19  92.82  3.99  7.58  85.14  7.28 ]          2.7166       2.64044
  118       120      0.789967  [ 0.03  89.65  10.31  4.32  81.89  13.79 ]         2.64839       2.64044
  119       121       0.78839  [ 4.90  94.52  0.58  9.59  87.16  3.25 ]         2.72487       2.64044
  120       122      0.786816  [ 1.48  91.10  7.41  9.33  86.89  3.78 ]         2.68374       2.64044
  121       123      0.785246  [ 2.71  92.33  4.97  0.51  78.07  21.42 ]         2.69388       2.64044
  122       124      0.783679  [ 2.29  91.91  5.80  6.97  84.54  8.50 ]         2.67926       2.64044
  123       125      0.782114  [ 5.19  94.81  0.00  10.64  88.20  1.16 ]         2.72845       2.64044
  124       126      0.780553  [ 1.99  91.61  6.40  5.39  82.96  11.66 ]         2.68091       2.64044
  125       127      0.778995  [ 4.99  94.62  0.39  9.61  87.18  3.21 ]         2.72845       2.64044
  126       128       0.77744  [ 3.66  93.28  3.07  8.98  86.54  4.48 ]          2.7191       2.64044
  127       129      0.775889  [ 4.41  94.04  1.55  3.53  81.10  15.37 ]         2.70834       2.64044
  128       130       0.77434  [ 4.17  93.79  2.05  6.48  84.05  9.48 ]         2.72253       2.64044
  129       131      0.772794  [ 4.82  94.44  0.73  9.47  87.04  3.48 ]         2.72019       2.64044
  130       132      0.771252  [ 4.57  94.19  1.23  5.60  83.17  11.23 ]         2.71013       2.64044
  131       133      0.769712  [ 0.43  90.05  9.52  6.72  84.29  8.98 ]         2.66811       2.64044
  132       134      0.768176  [ 2.34  91.97  5.69  6.68  84.24  9.08 ]         2.71536       2.64044
  133       135      0.766643  [ 3.76  93.39  2.85  7.36  84.92  7.72 ]         2.72073       2.64044
  134       136      0.765113  [ 2.39  92.02  5.59  6.66  84.22  9.12 ]         2.68684       2.64044
  135       137      0.763585  [ 4.33  93.95  1.72  1.22  78.79  19.99 ]         2.71412       2.64044
  136       138      0.762061  [ 3.82  93.44  2.74  11.13  88.70  0.17 ]          2.7173       2.64044
  137       139       0.76054  [ 0.84  90.46  8.70  0.89  78.46  20.65 ]         2.66172       2.64044
  138       140      0.759022  [ 3.37  92.99  3.63  4.95  82.51  12.54 ]         2.70999       2.64044
  139       141      0.757507  [ 2.31  91.93  5.76  10.21  87.78  2.01 ]         2.68988       2.64044
  140       142      0.755995  [ 0.28  89.90  9.82  10.38  87.95  1.68 ]         2.68808       2.64044
  141       143      0.754486  [ 2.97  92.59  4.44  8.90  86.46  4.64 ]         2.70384       2.64044
  142       144       0.75298  [ 2.72  92.35  4.93  10.13  87.69  2.18 ]         2.70779       2.64044
  143       145      0.751477  [ 0.71  90.33  8.95  9.05  86.62  4.33 ]         2.68111       2.64044
  144       146      0.749977  [ 1.98  91.60  6.42  7.91  85.47  6.62 ]         2.70475       2.64044
  145       147       0.74848  [ 4.09  93.71  2.21  4.18  81.75  14.06 ]         2.71123       2.64044
  146       148      0.746986  [ 4.10  93.72  2.17  8.06  85.62  6.32 ]         2.71536       2.64044
  147       149      0.745495  [ 3.72  93.34  2.94  7.14  84.71  8.14 ]         2.70258       2.64044
  148       150      0.744007  [ 3.74  93.36  2.90  2.63  80.20  17.17 ]         2.71715       2.64044
  149       151      0.742522  [ 2.77  92.40  4.83  7.31  84.87  7.82 ]         2.68698       2.64044
  150       152       0.74104  [ 3.38  93.00  3.62  2.09  79.66  18.26 ]         2.68505       2.64044
  151       153      0.739561  [ 0.65  90.28  9.07  7.61  85.18  7.20 ]         2.66851       2.64044
  152       154      0.738085  [ 0.35  89.97  9.68  3.27  80.84  15.88 ]         2.66548       2.64044
  153       155      0.736612  [ 1.51  91.13  7.35  2.22  79.79  17.99 ]         2.65758       2.64044
  154       156      0.735141  [ 2.24  91.86  5.90  4.37  81.94  13.69 ]         2.67981       2.64044
  155       157      0.733674  [ 3.82  93.44  2.74  6.98  84.55  8.47 ]         2.70258       2.64044
  156       158       0.73221  [ 3.43  93.05  3.52  0.10  77.67  22.24 ]         2.71054       2.64044
  157       159      0.730748  [ 2.77  92.39  4.84  3.69  81.26  15.05 ]         2.70351       2.64044
  158       160       0.72929  [ 3.14  92.76  4.09  6.51  84.08  9.41 ]         2.68822       2.64044
  159       161      0.727834  [ 4.04  93.67  2.29  10.73  88.30  0.97 ]          2.7191       2.64044
  160       162      0.726381  [ 0.03  89.65  10.33  6.90  84.47  8.63 ]         2.66165       2.64044
  161       163      0.724931  [ 0.54  90.16  9.30  2.76  80.33  16.91 ]         2.68382       2.64044
  162       164      0.723484  [ 3.91  93.53  2.56  3.69  81.26  15.04 ]         2.71302       2.64044
  163       165       0.72204  [ 1.30  90.93  7.77  4.46  82.03  13.51 ]         2.68863       2.64044
  164       166      0.720599  [ 0.01  89.63  10.36  7.20  84.76  8.04 ]         2.66132       2.64044
  165       167      0.719161  [ 1.38  91.00  7.62  10.48  88.05  1.46 ]         2.69812       2.64044
  166       168      0.717725  [ 3.16  92.79  4.05  10.93  88.50  0.57 ]         2.70976       2.64044
  167       169      0.716293  [ 0.52  90.14  9.33  4.58  82.15  13.26 ]         2.64826       2.64044
  168       170      0.714863  [ 2.88  92.51  4.61  5.62  83.18  11.20 ]         2.68339       2.64044
  169       171      0.713436  [ 2.70  92.33  4.97  9.69  87.25  3.06 ]         2.70204       2.64044
  170       172      0.712012  [ 2.13  91.76  6.11  4.64  82.21  13.15 ]         2.68932       2.64044
  171       173      0.710591  [ 2.43  92.05  5.51  11.19  88.76  0.05 ]         2.69812       2.64044
  172       174      0.709173  [ 3.75  93.37  2.88  10.10  87.67  2.23 ]         2.71497       2.64044
  173       175      0.707757  [ 0.71  90.34  8.95  9.96  87.53  2.50 ]         2.66876       2.64044
  174       176      0.706344  [ 4.30  93.93  1.77  10.70  88.27  1.04 ]         2.71676       2.64044
  175       177      0.704934  [ 2.51  92.13  5.36  0.16  77.73  22.11 ]         2.66587       2.64044
  176       178      0.703527  [ 5.16  94.79  0.05  7.44  85.01  7.55 ]         2.72845       2.64044
  177       179      0.702123  [ 3.86  93.48  2.66  4.69  82.26  13.04 ]         2.70406       2.64044
  178       180      0.700722  [ 1.34  90.96  7.70  7.28  84.85  7.87 ]         2.68355       2.64044
  179       181      0.699323  [ 0.44  90.07  9.49  0.15  77.72  22.14 ]         2.63498       2.63498
  180       182      0.697927  [ 4.89  94.51  0.60  2.90  80.47  16.63 ]         2.72253       2.63498
  181       183      0.696534  [ 3.15  92.77  4.08  10.37  87.94  1.69 ]           2.694       2.63498
  182       184      0.695144  [ 4.77  94.39  0.84  8.74  86.30  4.96 ]         2.72253       2.63498
  183       185      0.693756  [ 3.71  93.33  2.96  3.31  80.88  15.81 ]         2.70943       2.63498
  184       186      0.692372  [ 1.35  90.98  7.67  9.79  87.36  2.84 ]         2.68396       2.63498
  185       187       0.69099  [ 1.23  90.85  7.91  3.89  81.45  14.66 ]         2.66548       2.63498
  186       188       0.68961  [ 3.48  93.10  3.41  5.42  82.99  11.59 ]         2.70296       2.63498
  187       189      0.688234  [ 4.09  93.71  2.21  0.65  78.22  21.13 ]         2.70641       2.63498
  188       190       0.68686  [ 4.88  94.51  0.61  6.77  84.34  8.88 ]         2.72432       2.63498
  189       191      0.685489  [ 0.98  90.61  8.41  3.71  81.28  15.01 ]         2.66425       2.63498
  190       192      0.684121  [ 3.27  92.90  3.83  4.98  82.54  12.48 ]          2.7082       2.63498
  191       193      0.682755  [ 4.52  94.14  1.34  4.32  81.88  13.80 ]         2.71949       2.63498
  192       194      0.681393  [ 3.07  92.69  4.25  2.67  80.24  17.09 ]         2.69209       2.63498
  193       195      0.680033  [ 2.94  92.56  4.50  7.36  84.93  7.71 ]         2.70258       2.63498
  194       196      0.678675  [ 5.14  94.76  0.10  0.62  78.19  21.18 ]         2.72845       2.63498
  195       197      0.677321  [ 0.38  90.01  9.61  4.24  81.81  13.95 ]         2.64301       2.63498
  196       198      0.675969  [ 3.76  93.38  2.86  4.01  81.58  14.41 ]         2.71412       2.63498
  197       199      0.674619  [ 1.63  91.26  7.11  10.16  87.73  2.12 ]         2.69865       2.63498
  198       200      0.673273  [ 4.46  94.08  1.46  7.24  84.81  7.94 ]         2.71894       2.63498
  199       201      0.671929  [ 3.45  93.07  3.48  6.59  84.16  9.25 ]         2.71123       2.63498
  200       202      0.670588  [ 4.21  93.84  1.95  8.16  85.73  6.11 ]         2.72198       2.63498
  201       203      0.669249  [ 5.12  94.74  0.14  2.66  80.22  17.12 ]         2.72845       2.63498
  202       204      0.667914  [ 3.51  93.13  3.36  9.98  87.55  2.46 ]          2.7085       2.63498
  203       205       0.66658  [ 1.14  90.76  8.11  1.77  79.34  18.90 ]         2.66708       2.63498
  204       206       0.66525  [ 4.80  94.42  0.78  10.18  87.75  2.07 ]         2.72611       2.63498
  205       207      0.663922  [ 5.04  94.67  0.29  0.07  77.64  22.28 ]         2.72845       2.63498
  206       208      0.662597  [ 1.43  91.06  7.51  5.15  82.72  12.13 ]         2.66425       2.63498
  207       209      0.661274  [ 1.27  90.89  7.83  9.17  86.74  4.09 ]         2.67476       2.63498
  208       210      0.659954  [ 3.56  93.18  3.26  6.94  84.51  8.55 ]         2.71247       2.63498
  209       211      0.658637  [ 2.87  92.49  4.64  8.94  86.51  4.55 ]         2.69971       2.63498
  210       212      0.657322  [ 2.55  92.17  5.29  1.75  79.32  18.94 ]         2.67845       2.63498
  211       213       0.65601  [ 0.21  89.84  9.95  4.01  81.58  14.41 ]         2.65363       2.63498
  212       214      0.654701  [ 0.52  90.14  9.35  8.54  86.11  5.35 ]          2.6683       2.63498
  213       215      0.653394  [ 4.39  94.01  1.60  8.99  86.56  4.45 ]         2.71605       2.63498
  214       216       0.65209  [ 3.29  92.91  3.80  10.74  88.30  0.96 ]          2.7033       2.63498
  215       217      0.650789  [ 3.12  92.75  4.13  4.98  82.55  12.47 ]          2.7042       2.63498
  216       218       0.64949  [ 5.13  94.75  0.12  10.70  88.27  1.03 ]         2.72845       2.63498
  217       219      0.648193  [ 2.43  92.05  5.52  4.05  81.62  14.33 ]         2.68573       2.63498
  218       220      0.646899  [ 2.68  92.30  5.01  5.27  82.83  11.90 ]         2.69758       2.63498
  219       221      0.645608  [ 2.87  92.49  4.64  8.04  85.60  6.36 ]         2.70725       2.63498
  220       222      0.644319  [ 1.51  91.13  7.36  7.84  85.41  6.75 ]         2.67063       2.63498
  221       223      0.643033  [ 1.49  91.11  7.40  9.93  87.50  2.57 ]         2.69432       2.63498
  222       224       0.64175  [ 4.14  93.77  2.09  8.45  86.02  5.53 ]         2.71551       2.63498
  223       225      0.640469  [ 3.84  93.46  2.70  9.91  87.48  2.61 ]         2.71785       2.63498
  224       226      0.639191  [ 3.11  92.73  4.17  9.41  86.98  3.62 ]         2.71084       2.63498
  225       227      0.637915  [ 1.79  91.42  6.79  6.20  83.77  10.03 ]         2.70117       2.63498
  226       228      0.636641  [ 4.47  94.10  1.43  4.76  82.33  12.91 ]         2.72253       2.63498
  227       229      0.635371  [ 4.93  94.55  0.52  0.93  78.50  20.57 ]         2.72308       2.63498
  228       230      0.634103  [ 4.11  93.74  2.15  2.65  80.22  17.14 ]         2.71412       2.63498
  229       231      0.632837  [ 0.69  90.31  9.00  1.50  79.06  19.44 ]         2.67122       2.63498
  230       232      0.631574  [ 1.56  91.18  7.26  6.60  84.16  9.24 ]         2.68326       2.63498
  231       233      0.630313  [ 2.58  92.20  5.22  4.74  82.31  12.96 ]         2.68752       2.63498
  232       234      0.629055  [ 1.79  91.42  6.79  0.52  78.09  21.39 ]         2.66351       2.63498
  233       235      0.627799  [ 3.56  93.18  3.26  9.58  87.14  3.28 ]         2.71676       2.63498
  234       236      0.626546  [ 1.96  91.58  6.46  9.84  87.41  2.75 ]         2.69326       2.63498
  235       237      0.625296  [ 4.86  94.49  0.65  9.44  87.01  3.55 ]         2.72377       2.63498
  236       238      0.624048  [ 0.89  90.51  8.60  4.60  82.17  13.23 ]         2.66425       2.63498
  237       239      0.622802  [ 0.27  89.90  9.83  3.19  80.76  16.05 ]         2.64808       2.63498
  238       240      0.621559  [ 5.13  94.75  0.12  6.02  83.59  10.38 ]         2.72845       2.63498
  239       241      0.620318  [ 3.11  92.73  4.16  2.96  80.53  16.51 ]         2.69814       2.63498
  240       242       0.61908  [ 2.14  91.76  6.10  6.20  83.77  10.02 ]         2.67857       2.63498
  241       243      0.617844  [ 3.56  93.18  3.26  9.03  86.60  4.37 ]         2.70563       2.63498
  242       244      0.616611  [ 0.61  90.23  9.17  3.50  81.06  15.44 ]         2.65005       2.63498
  243       245       0.61538  [ 3.31  92.93  3.76  9.05  86.61  4.34 ]         2.70617       2.63498
  244       246      0.614152  [ 3.20  92.82  3.98  0.96  78.53  20.51 ]         2.69097       2.63498
  245       247      0.612926  [ 5.06  94.68  0.26  0.51  78.08  21.41 ]         2.72487       2.63498
  246       248      0.611703  [ 0.20  89.82  9.98  2.97  80.53  16.50 ]         2.66604       2.63498
  247       249      0.610482  [ 0.11  89.73  10.17  3.92  81.48  14.60 ]         2.64647       2.63498
  248       250      0.609263  [ 2.37  91.99  5.64  7.06  84.62  8.32 ]         2.70258       2.63498
  249       251      0.608047  [ 3.14  92.77  4.09  7.03  84.59  8.38 ]          2.7053       2.63498
  250       252      0.606834  [ 4.22  93.84  1.94  2.44  80.01  17.55 ]         2.70696       2.63498
  251       253      0.605622  [ 3.72  93.34  2.95  5.94  83.51  10.55 ]          2.7042       2.63498
  252       254      0.604414  [ 2.12  91.75  6.13  3.11  80.68  16.21 ]           2.694       2.63498
  253       255      0.603207  [ 3.58  93.20  3.23  2.52  80.09  17.38 ]         2.69635       2.63498
  254       256      0.602003  [ 1.87  91.49  6.65  5.38  82.95  11.67 ]         2.67567       2.63498
  255       257      0.600802  [ 4.53  94.15  1.33  10.98  88.55  0.46 ]         2.72143       2.63498
  256       258      0.599602  [ 4.15  93.77  2.08  6.05  83.62  10.33 ]         2.72019       2.63498
  257       259      0.598405  [ 2.14  91.76  6.10  7.91  85.48  6.60 ]         2.69146       2.63498
  258       260      0.597211  [ 5.13  94.75  0.12  2.43  80.00  17.58 ]         2.72845       2.63498
  259       261      0.596019  [ 4.84  94.46  0.70  0.47  78.03  21.50 ]         2.72129       2.63498
  260       262      0.594829  [ 4.03  93.66  2.31  8.49  86.05  5.46 ]         2.71247       2.63498
  261       263      0.593642  [ 1.60  91.22  7.18  7.88  85.44  6.68 ]         2.68787       2.63498
  262       264      0.592457  [ 1.52  91.14  7.34  8.08  85.64  6.28 ]         2.67961       2.63498
  263       265      0.591275  [ 1.40  91.02  7.58  9.17  86.74  4.08 ]         2.67288       2.63498
  264       266      0.590094  [ 1.18  90.81  8.01  10.81  88.38  0.81 ]         2.68008       2.63498
  265       267      0.588917  [ 4.81  94.43  0.76  8.44  86.00  5.56 ]         2.72845       2.63498
  266       268      0.587741  [ 3.81  93.43  2.77  1.76  79.33  18.91 ]         2.70999       2.63498
  267       269      0.586568  [ 2.35  91.98  5.67  6.51  84.07  9.42 ]         2.70585       2.63498
  268       270      0.585397  [ 0.76  90.38  8.86  1.51  79.08  19.41 ]         2.65695       2.63498
  269       271      0.584229  [ 2.93  92.55  4.52  0.04  77.61  22.36 ]         2.69623       2.63498
  270       272      0.583063  [ 2.39  92.02  5.59  1.80  79.37  18.83 ]         2.68259       2.63498
  271       273      0.581899  [ 2.39  92.02  5.59  1.80  79.37  18.83 ]         2.68259       2.63498
  272       274      0.580737  [ 1.89  91.51  6.61  2.79  80.35  16.86 ]         2.68147       2.63498
  273       275      0.579578  [ 3.93  93.55  2.52  9.37  86.93  3.70 ]         2.71084       2.63498
  274       276      0.578421  [ 4.58  94.20  1.22  6.98  84.55  8.47 ]         2.71263       2.63498
  275       277      0.577267  [ 4.43  94.05  1.52  5.78  83.35  10.88 ]         2.71481       2.63498
  276       278      0.576115  [ 3.99  93.61  2.40  8.61  86.18  5.21 ]         2.71785       2.63498
  277       279      0.574965  [ 1.59  91.21  7.20  5.77  83.34  10.89 ]         2.69524       2.63498
  278       280      0.573817  [ 2.61  92.23  5.16  11.00  88.56  0.44 ]          2.7051       2.63498
  279       281      0.572672  [ 0.81  90.44  8.75  7.97  85.54  6.49 ]          2.6735       2.63498
  280       282      0.571529  [ 0.46  90.09  9.45  6.65  84.22  9.14 ]         2.64927       2.63498
  281       283      0.570388  [ 0.30  89.92  9.78  6.01  83.58  10.42 ]         2.66453       2.63498
  282       284      0.569249  [ 3.56  93.18  3.27  8.67  86.24  5.09 ]         2.70796       2.63498
  283       285      0.568113  [ 4.15  93.78  2.07  6.45  84.02  9.53 ]         2.71068       2.63498
  284       286      0.566979  [ 5.17  94.79  0.04  7.83  85.39  6.78 ]         2.72611       2.63498
  285       287      0.565847  [ 2.42  92.04  5.54  5.58  83.15  11.27 ]         2.68643       2.63498
  286       288      0.564718  [ 4.95  94.57  0.48  5.53  83.10  11.37 ]         2.72073       2.63498
  287       289      0.563591  [ 3.15  92.77  4.08  10.52  88.09  1.38 ]         2.70743       2.63498
  288       290      0.562466  [ 4.85  94.47  0.68  2.65  80.21  17.14 ]         2.72073       2.63498
  289       291      0.561343  [ 0.51  90.14  9.35  3.98  81.54  14.48 ]         2.66382       2.63498
  290       292      0.560223  [ 4.01  93.64  2.35  3.73  81.30  14.97 ]         2.70999       2.63498
  291       293      0.559105  [ 4.12  93.75  2.13  9.19  86.76  4.04 ]         2.71785       2.63498
  292       294      0.557989  [ 4.08  93.70  2.22  0.29  77.86  21.85 ]         2.72308       2.63498
  293       295      0.556875  [ 3.30  92.92  3.78  4.13  81.70  14.16 ]         2.70709       2.63498
  294       296      0.555763  [ 4.10  93.72  2.18  9.46  87.02  3.52 ]         2.71497       2.63498
  295       297      0.554654  [ 3.35  92.98  3.67  10.60  88.17  1.22 ]         2.71964       2.63498
  296       298      0.553547  [ 1.87  91.49  6.64  2.37  79.94  17.69 ]         2.70172       2.63498
  297       299      0.552442  [ 3.24  92.86  3.90  3.14  80.71  16.15 ]         2.69579       2.63498
  298       300      0.551339  [ 0.74  90.37  8.89  4.92  82.48  12.60 ]         2.68919       2.63498
  299       301      0.550239  [ 1.93  91.55  6.52  9.53  87.10  3.36 ]         2.69612       2.63498
  300       302      0.549141  [ 1.93  91.55  6.52  10.75  88.31  0.94 ]         2.69791       2.63498
  301       303      0.548044  [ 4.39  94.01  1.61  2.42  79.99  17.60 ]         2.70999       2.63498
  302       304      0.546951  [ 3.03  92.66  4.31  10.72  88.29  0.99 ]          2.6958       2.63498
  303       305      0.545859  [ 4.06  93.68  2.26  10.18  87.75  2.06 ]          2.7103       2.63498
  304       306      0.544769  [ 1.74  91.36  6.90  6.00  83.57  10.44 ]         2.69002       2.63498
  305       307      0.543682  [ 1.74  91.36  6.90  6.00  83.57  10.44 ]         2.69002       2.63498
  306       308      0.542597  [ 2.79  92.41  4.79  11.16  88.73  0.12 ]         2.71209       2.63498
  307       309      0.541514  [ 4.97  94.59  0.44  9.15  86.72  4.13 ]         2.72432       2.63498
  308       310      0.540433  [ 4.77  94.40  0.83  2.06  79.63  18.31 ]         2.72129       2.63498
  309       311      0.539354  [ 4.44  94.06  1.50  7.94  85.50  6.56 ]          2.7173       2.63498
  310       312      0.538278  [ 2.64  92.26  5.10  8.00  85.56  6.44 ]         2.70007       2.63498
  311       313      0.537203  [ 2.46  92.09  5.45  1.61  79.18  19.22 ]         2.68137       2.63498
  312       314      0.536131  [ 0.20  89.83  9.97  3.59  81.16  15.25 ]         2.64337       2.63498
  313       315      0.535061  [ 2.35  91.97  5.67  6.23  83.79  9.98 ]         2.69415       2.63498
  314       316      0.533993  [ 2.19  91.81  6.00  2.43  80.00  17.57 ]         2.69869       2.63498
  315       317      0.532927  [ 0.62  90.24  9.14  3.44  81.01  15.55 ]         2.66425       2.63498
  316       318      0.531863  [ 0.72  90.34  8.94  9.53  87.10  3.36 ]         2.66957       2.63498
  317       319      0.530802  [ 1.19  90.81  8.01  0.62  78.19  21.19 ]         2.67065       2.63498
  318       320      0.529742  [ 3.63  93.25  3.11  3.59  81.16  15.26 ]          2.7053       2.63498
  319       321      0.528685  [ 3.75  93.37  2.89  0.12  77.69  22.18 ]         2.69444       2.63498
  320       322       0.52763  [ 0.80  90.42  8.78  1.80  79.37  18.83 ]         2.65465       2.63498
  321       323      0.526576  [ 4.82  94.45  0.73  3.01  80.58  16.40 ]         2.72666       2.63498
  322       324      0.525525  [ 3.18  92.80  4.02  2.60  80.16  17.24 ]         2.69869       2.63498
  323       325      0.524476  [ 1.43  91.06  7.51  2.50  80.07  17.43 ]         2.67666       2.63498
  324       326       0.52343  [ 0.77  90.39  8.84  6.22  83.79  9.98 ]         2.64335       2.63498
  325       327      0.522385  [ 3.20  92.82  3.98  4.91  82.47  12.62 ]         2.70117       2.63498
  326       328      0.521342  [ 0.73  90.36  8.91  0.92  78.49  20.58 ]         2.66058       2.63498
  327       329      0.520301  [ 3.84  93.46  2.70  1.10  78.67  20.23 ]         2.69746       2.63498
  328       330      0.519263  [ 0.76  90.38  8.86  9.17  86.74  4.09 ]         2.67729       2.63498
  329       331      0.518226  [ 3.41  93.03  3.56  2.47  80.03  17.50 ]         2.69746       2.63498
  330       332      0.517192  [ 3.41  93.03  3.56  2.47  80.03  17.50 ]         2.69746       2.63498
  331       333       0.51616  [ 4.04  93.66  2.31  0.28  77.85  21.86 ]         2.71591       2.63498
  332       334       0.51513  [ 1.40  91.02  7.59  6.97  84.54  8.49 ]         2.67063       2.63498
  333       335      0.514101  [ 3.69  93.32  2.99  4.40  81.96  13.64 ]         2.70366       2.63498
  334       336      0.513075  [ 0.66  90.28  9.06  2.99  80.55  16.46 ]         2.66481       2.63498
  335       337      0.512051  [ 4.92  94.54  0.54  6.24  83.81  9.94 ]         2.72845       2.63498
  336       338      0.511029  [ 2.23  91.86  5.91  1.79  79.35  18.86 ]         2.67187       2.63498
  337       339      0.510009  [ 3.83  93.46  2.71  1.66  79.23  19.12 ]         2.70696       2.63498
  338       340      0.508991  [ 0.65  90.28  9.07  0.11  77.68  22.21 ]         2.63913       2.63498
  339       341      0.507975  [ 2.17  91.79  6.03  8.97  86.54  4.49 ]         2.69899       2.63498
  340       342      0.506961  [ 4.17  93.79  2.03  6.23  83.80  9.97 ]         2.70351       2.63498
  341       343      0.505949  [ 3.56  93.19  3.25  7.15  84.72  8.14 ]         2.72487       2.63498
  342       344      0.504939  [ 1.09  90.72  8.19  8.66  86.23  5.12 ]         2.67676       2.63498
  343       345      0.503932  [ 3.62  93.24  3.14  3.41  80.98  15.60 ]          2.6954       2.63498
  344       346      0.502926  [ 1.47  91.09  7.44  7.09  84.66  8.25 ]         2.69127       2.63498
  345       347      0.501922  [ 0.61  90.23  9.16  2.99  80.55  16.46 ]         2.65474       2.63498
  346       348       0.50092  [ 0.61  90.23  9.16  2.99  80.55  16.46 ]         2.65474       2.63498
