******************Parametres initiaux***********************
Points do we try before stepping :N_TRIES=1
Iterations for each T :ITERS_FIXED_T=1
Step size in random walk :STEP_SIZE=200.000000
Boltzmann constant :K=1.000000
Initial temperature :T_INITIAL=1.000000
Damping factor for temperature MU_T=1.002000
Minimal Temperature T_MIN=5.000000e-01
Initial state :6.54	37.68	42.51	50.50	
*************************************************************
#-iter  #-evals   temperature     position   energy
    0         2             1  [ 0.05  31.19  68.76  1.63  9.61  88.76 ]        0.995327      0.995327
    1         3      0.998004  [ 17.35  48.49  34.16  4.13  12.12  83.75 ]         1.65434      0.995327
    2         4      0.996012  [ 17.35  48.49  34.16  4.13  12.12  83.75 ]         1.65434      0.995327
    3         5      0.994024  [ 9.89  41.03  49.07  3.66  11.65  84.69 ]         1.29784      0.995327
    4         6       0.99204  [ 6.52  37.66  55.82  31.30  39.28  29.42 ]         1.37657      0.995327
    5         7       0.99006  [ 14.54  45.68  39.78  31.88  39.87  28.25 ]         1.76597      0.995327
    6         8      0.988084  [ 14.54  45.68  39.78  31.88  39.87  28.25 ]         1.76597      0.995327
    7         9      0.986111  [ 14.54  45.68  39.78  31.88  39.87  28.25 ]         1.76597      0.995327
    8        10      0.984143  [ 15.42  46.56  38.02  16.07  24.06  59.87 ]         1.66139      0.995327
    9        11      0.982179  [ 4.57  35.71  59.72  13.95  21.93  64.13 ]         1.05463      0.995327
   10        12      0.980218  [ 4.57  35.71  59.72  13.95  21.93  64.13 ]         1.05463      0.995327
   11        13      0.978262  [ 8.85  39.99  51.16  0.92  8.90  90.18 ]         1.24665      0.995327
   12        14      0.976309  [ 8.85  39.99  51.16  0.92  8.90  90.18 ]         1.24665      0.995327
   13        15       0.97436  [ 8.85  39.99  51.16  0.92  8.90  90.18 ]         1.24665      0.995327
   14        16      0.972416  [ 11.02  42.16  46.81  33.74  41.72  24.54 ]         1.61107      0.995327
   15        17      0.970475  [ 11.02  42.16  46.81  33.74  41.72  24.54 ]         1.61107      0.995327
   16        18      0.968538  [ 4.71  35.85  59.45  28.52  36.51  34.97 ]         1.22623      0.995327
   17        19      0.966604  [ 4.71  35.85  59.45  28.52  36.51  34.97 ]         1.22623      0.995327
   18        20      0.964675  [ 9.93  41.07  49.01  6.87  14.86  78.27 ]         1.26124      0.995327
   19        21      0.962749  [ 7.49  38.63  53.88  4.01  11.99  84.00 ]         1.14155      0.995327
   20        22      0.960828  [ 7.49  38.63  53.88  4.01  11.99  84.00 ]         1.14155      0.995327
   21        23       0.95891  [ 7.49  38.63  53.88  4.01  11.99  84.00 ]         1.14155      0.995327
   22        24      0.956996  [ 29.49  60.63  9.88  36.85  44.83  18.32 ]         2.46077      0.995327
   23        25      0.955086  [ 14.91  46.05  39.04  17.95  25.93  56.12 ]         1.65505      0.995327
   24        26      0.953179  [ 2.47  33.61  63.91  23.86  31.85  44.29 ]        0.983341      0.983341
   25        27      0.951277  [ 2.47  33.61  63.91  23.86  31.85  44.29 ]        0.983341      0.983341
   26        28      0.949378  [ 2.47  33.61  63.91  23.86  31.85  44.29 ]        0.983341      0.983341
   27        29      0.947483  [ 5.92  37.06  57.02  16.33  24.31  59.36 ]          1.1058      0.983341
   28        30      0.945592  [ 19.21  50.35  30.44  21.72  29.71  48.57 ]         1.86086      0.983341
   29        31      0.943705  [ 32.72  63.86  3.41  8.25  16.23  75.52 ]         2.62851      0.983341
   30        32      0.941821  [ 10.80  41.94  47.26  45.19  53.17  1.64 ]         1.86677      0.983341
   31        33      0.939941  [ 18.25  49.39  32.36  35.47  43.45  21.09 ]         2.01942      0.983341
   32        34      0.938065  [ 18.25  49.39  32.36  35.47  43.45  21.09 ]         2.01942      0.983341
   33        35      0.936193  [ 20.80  51.94  27.26  45.82  53.80  0.38 ]         2.25957      0.983341
   34        36      0.934324  [ 19.18  50.32  30.51  39.20  47.18  13.62 ]         2.05373      0.983341
   35        37      0.932459  [ 7.46  38.60  53.94  12.55  20.53  66.92 ]         1.08463      0.983341
   36        38      0.930598  [ 7.46  38.60  53.94  12.55  20.53  66.92 ]         1.08463      0.983341
   37        39       0.92874  [ 7.46  38.60  53.94  12.55  20.53  66.92 ]         1.08463      0.983341
   38        40      0.926887  [ 16.77  47.91  35.32  28.21  36.19  35.60 ]         1.71382      0.983341
   39        41      0.925036  [ 8.99  40.13  50.88  22.38  30.36  47.26 ]         1.32077      0.983341
   40        42       0.92319  [ 9.00  40.14  50.87  15.28  23.26  61.45 ]         1.23764      0.983341
   41        43      0.921347  [ 9.00  40.14  50.87  15.28  23.26  61.45 ]         1.23764      0.983341
   42        44      0.919508  [ 9.00  40.14  50.87  15.28  23.26  61.45 ]         1.23764      0.983341
   43        45      0.917673  [ 12.54  43.68  43.78  1.40  9.38  89.22 ]         1.44363      0.983341
   44        46      0.915841  [ 4.85  36.00  59.15  12.96  20.95  66.09 ]        0.916685      0.916685
   45        47      0.914013  [ 4.85  36.00  59.15  12.96  20.95  66.09 ]        0.916685      0.916685
   46        48      0.912189  [ 4.85  36.00  59.15  12.96  20.95  66.09 ]        0.916685      0.916685
   47        49      0.910368  [ 4.85  36.00  59.15  12.96  20.95  66.09 ]        0.916685      0.916685
   48        50      0.908551  [ 3.64  34.78  61.58  37.19  45.17  17.64 ]         1.40129      0.916685
   49        51      0.906738  [ 3.64  34.78  61.58  37.19  45.17  17.64 ]         1.40129      0.916685
   50        52      0.904928  [ 16.80  47.95  35.25  25.03  33.02  41.95 ]         1.77563      0.916685
   51        53      0.903122  [ 5.54  36.68  57.79  33.44  41.42  25.14 ]         1.36056      0.916685
   52        54      0.901319  [ 8.38  39.52  52.10  39.40  47.38  13.22 ]         1.70526      0.916685
   53        55       0.89952  [ 11.27  42.41  46.32  17.81  25.80  56.39 ]         1.32588      0.916685
   54        56      0.897724  [ 11.27  42.41  46.32  17.81  25.80  56.39 ]         1.32588      0.916685
   55        57      0.895933  [ 18.14  49.29  32.57  1.84  9.83  88.33 ]         1.73154      0.916685
   56        58      0.894144  [ 26.46  57.60  15.93  32.05  40.03  27.93 ]         2.35179      0.916685
   57        59       0.89236  [ 21.59  52.73  25.67  24.40  32.39  43.21 ]         2.02372      0.916685
   58        60      0.890578  [ 9.78  40.92  49.30  45.63  53.61  0.76 ]         1.83782      0.916685
   59        61      0.888801  [ 15.87  47.01  37.12  35.83  43.81  20.36 ]          1.8721      0.916685
   60        62      0.887027  [ 18.38  49.52  32.09  27.03  35.02  37.95 ]         1.83291      0.916685
   61        63      0.885256  [ 7.26  38.40  54.34  12.14  20.13  67.73 ]         1.19753      0.916685
   62        64      0.883489  [ 7.26  38.40  54.34  12.14  20.13  67.73 ]         1.19753      0.916685
   63        65      0.881726  [ 7.26  38.40  54.34  12.14  20.13  67.73 ]         1.19753      0.916685
   64        66      0.879966  [ 7.26  38.40  54.34  12.14  20.13  67.73 ]         1.19753      0.916685
   65        67      0.878209  [ 7.26  38.40  54.34  12.14  20.13  67.73 ]         1.19753      0.916685
   66        68      0.876457  [ 31.03  62.18  6.79  7.09  15.07  77.85 ]         2.53364      0.916685
   67        69      0.874707  [ 16.66  47.80  35.54  41.58  49.56  8.86 ]         1.96464      0.916685
   68        70      0.872961  [ 16.66  47.80  35.54  41.58  49.56  8.86 ]         1.96464      0.916685
   69        71      0.871219  [ 16.66  47.80  35.54  41.58  49.56  8.86 ]         1.96464      0.916685
   70        72       0.86948  [ 3.99  35.13  60.88  18.47  26.45  55.08 ]        0.950635      0.916685
   71        73      0.867744  [ 30.69  61.83  7.49  29.09  37.07  33.84 ]         2.50551      0.916685
   72        74      0.866012  [ 28.65  59.79  11.56  37.21  45.19  17.60 ]         2.44698      0.916685
   73        75      0.864284  [ 5.13  36.27  58.61  31.78  39.76  28.46 ]         1.30366      0.916685
   74        76      0.862559  [ 5.13  36.27  58.61  31.78  39.76  28.46 ]         1.30366      0.916685
   75        77      0.860837  [ 8.76  39.90  51.35  18.33  26.32  55.35 ]          1.2206      0.916685
   76        78      0.859119  [ 8.76  39.90  51.35  18.33  26.32  55.35 ]          1.2206      0.916685
   77        79      0.857404  [ 24.20  55.34  20.45  13.62  21.61  64.77 ]         2.14615      0.916685
   78        80      0.855692  [ 15.78  46.93  37.29  28.24  36.22  35.54 ]         1.78257      0.916685
   79        81      0.853985  [ 13.58  44.72  41.69  5.91  13.89  80.21 ]          1.4686      0.916685
   80        82       0.85228  [ 13.58  44.72  41.69  5.91  13.89  80.21 ]          1.4686      0.916685
   81        83      0.850579  [ 13.25  44.39  42.37  26.14  34.13  39.73 ]         1.62673      0.916685
   82        84      0.848881  [ 13.81  44.95  41.24  1.31  9.29  89.40 ]         1.48738      0.916685
   83        85      0.847187  [ 25.90  57.05  17.05  13.89  21.88  64.23 ]         2.22089      0.916685
   84        86      0.845496  [ 4.22  35.36  60.42  34.76  42.74  22.50 ]         1.35373      0.916685
   85        87      0.843808  [ 4.22  35.36  60.42  34.76  42.74  22.50 ]         1.35373      0.916685
   86        88      0.842124  [ 4.22  35.36  60.42  34.76  42.74  22.50 ]         1.35373      0.916685
   87        89      0.840443  [ 4.22  35.36  60.42  34.76  42.74  22.50 ]         1.35373      0.916685
   88        90      0.838765  [ 18.14  49.28  32.58  41.53  49.52  8.95 ]          2.0666      0.916685
   89        91      0.837091  [ 9.49  40.63  49.88  5.85  13.83  80.32 ]         1.29578      0.916685
   90        92       0.83542  [ 8.32  39.46  52.21  10.83  18.82  70.35 ]         1.19009      0.916685
   91        93      0.833753  [ 8.32  39.46  52.21  10.83  18.82  70.35 ]         1.19009      0.916685
   92        94      0.832089  [ 20.75  51.89  27.35  13.43  21.41  65.16 ]         1.96189      0.916685
   93        95      0.830428  [ 8.22  39.36  52.42  36.17  44.15  19.68 ]         1.57322      0.916685
   94        96       0.82877  [ 19.29  50.43  30.27  21.23  29.21  49.55 ]         1.86007      0.916685
   95        97      0.827116  [ 19.29  50.43  30.27  21.23  29.21  49.55 ]         1.86007      0.916685
   96        98      0.825465  [ 17.17  48.31  34.52  7.32  15.31  77.37 ]         1.67383      0.916685
   97        99      0.823817  [ 15.08  46.22  38.71  6.48  14.46  79.06 ]         1.53326      0.916685
   98       100      0.822173  [ 15.08  46.22  38.71  6.48  14.46  79.06 ]         1.53326      0.916685
   99       101      0.820532  [ 33.59  64.73  1.69  19.70  27.68  52.62 ]         2.68105      0.916685
  100       102      0.818894  [ 7.19  38.33  54.48  14.84  22.82  62.33 ]         1.13371      0.916685
  101       103       0.81726  [ 7.19  38.33  54.48  14.84  22.82  62.33 ]         1.13371      0.916685
  102       104      0.815629  [ 17.00  48.14  34.86  24.64  32.62  42.73 ]         1.82193      0.916685
  103       105      0.814001  [ 3.90  35.04  61.06  19.98  27.96  52.06 ]        0.972064      0.916685
  104       106      0.812376  [ 1.08  32.22  66.70  12.36  20.34  67.30 ]        0.795646      0.795646
  105       107      0.810754  [ 1.08  32.22  66.70  12.36  20.34  67.30 ]        0.795646      0.795646
  106       108      0.809136  [ 1.08  32.22  66.70  12.36  20.34  67.30 ]        0.795646      0.795646
  107       109      0.807521  [ 1.08  32.22  66.70  12.36  20.34  67.30 ]        0.795646      0.795646
  108       110      0.805909  [ 1.08  32.22  66.70  12.36  20.34  67.30 ]        0.795646      0.795646
  109       111      0.804301  [ 19.45  50.59  29.97  6.48  14.46  79.05 ]         1.86483      0.795646
  110       112      0.802695  [ 20.36  51.50  28.14  10.04  18.02  71.94 ]         1.85952      0.795646
  111       113      0.801093  [ 8.30  39.44  52.25  41.16  49.14  9.70 ]         1.67018      0.795646
  112       114      0.799494  [ 7.67  38.81  53.51  18.99  26.98  54.03 ]         1.19048      0.795646
  113       115      0.797898  [ 17.78  48.92  33.30  4.30  12.28  83.42 ]         1.68689      0.795646
  114       116      0.796306  [ 11.93  43.08  44.99  37.36  45.34  17.31 ]         1.74988      0.795646
  115       117      0.794716  [ 7.76  38.90  53.34  3.57  11.55  84.88 ]         1.17762      0.795646
  116       118       0.79313  [ 7.76  38.90  53.34  3.57  11.55  84.88 ]         1.17762      0.795646
  117       119      0.791547  [ 7.76  38.90  53.34  3.57  11.55  84.88 ]         1.17762      0.795646
  118       120      0.789967  [ 7.76  38.90  53.34  3.57  11.55  84.88 ]         1.17762      0.795646
  119       121       0.78839  [ 5.21  36.35  58.44  25.94  33.92  40.14 ]         1.21029      0.795646
  120       122      0.786816  [ 26.28  57.42  16.30  26.55  34.53  38.92 ]         2.28891      0.795646
  121       123      0.785246  [ 32.63  63.77  3.60  22.51  30.49  47.01 ]         2.63204      0.795646
  122       124      0.783679  [ 23.65  54.79  21.56  19.70  27.68  52.62 ]         2.08635      0.795646
  123       125      0.782114  [ 30.04  61.19  8.77  22.54  30.52  46.93 ]         2.49598      0.795646
  124       126      0.780553  [ 6.71  37.85  55.44  0.30  8.29  91.41 ]         1.17397      0.795646
  125       127      0.778995  [ 6.71  37.85  55.44  0.30  8.29  91.41 ]         1.17397      0.795646
  126       128       0.77744  [ 1.21  32.35  66.44  12.53  20.51  66.96 ]         0.86857      0.795646
  127       129      0.775889  [ 1.21  32.35  66.44  12.53  20.51  66.96 ]         0.86857      0.795646
  128       130       0.77434  [ 18.60  49.74  31.67  14.44  22.42  63.15 ]         1.82861      0.795646
  129       131      0.772794  [ 12.98  44.12  42.91  12.48  20.46  67.07 ]         1.53319      0.795646
  130       132      0.771252  [ 18.52  49.67  31.81  28.04  36.02  35.94 ]         1.90518      0.795646
  131       133      0.769712  [ 24.51  55.65  19.84  15.57  23.55  60.88 ]         2.11446      0.795646
  132       134      0.768176  [ 30.49  61.63  7.88  1.03  9.01  89.96 ]         2.46052      0.795646
  133       135      0.766643  [ 20.15  51.29  28.55  18.83  26.81  54.36 ]         1.87301      0.795646
  134       136      0.765113  [ 2.38  33.53  64.09  13.57  21.55  64.88 ]        0.895348      0.795646
  135       137      0.763585  [ 2.38  33.53  64.09  13.57  21.55  64.88 ]        0.895348      0.795646
  136       138      0.762061  [ 8.47  39.61  51.92  12.71  20.69  66.60 ]         1.18586      0.795646
  137       139       0.76054  [ 10.48  41.62  47.90  2.99  10.98  86.03 ]         1.29063      0.795646
  138       140      0.759022  [ 10.48  41.62  47.90  2.99  10.98  86.03 ]         1.29063      0.795646
  139       141      0.757507  [ 9.49  40.63  49.88  11.31  19.30  69.39 ]         1.25087      0.795646
  140       142      0.755995  [ 9.49  40.63  49.88  11.31  19.30  69.39 ]         1.25087      0.795646
  141       143      0.754486  [ 9.49  40.63  49.88  11.31  19.30  69.39 ]         1.25087      0.795646
  142       144       0.75298  [ 27.04  58.18  14.79  5.54  13.53  80.93 ]         2.24251      0.795646
  143       145      0.751477  [ 7.56  38.70  53.74  23.92  31.90  44.18 ]         1.25874      0.795646
  144       146      0.749977  [ 7.56  38.70  53.74  23.92  31.90  44.18 ]         1.25874      0.795646
  145       147       0.74848  [ 26.30  57.44  16.26  31.04  39.02  29.93 ]         2.35951      0.795646
  146       148      0.746986  [ 23.87  55.01  21.12  37.93  45.91  16.15 ]         2.24935      0.795646
  147       149      0.745495  [ 33.76  64.90  1.35  6.04  14.02  79.94 ]         2.68438      0.795646
  148       150      0.744007  [ 26.04  57.18  16.78  4.17  12.15  83.68 ]         2.18983      0.795646
  149       151      0.742522  [ 28.37  59.51  12.12  22.06  30.04  47.90 ]          2.3743      0.795646
  150       152       0.74104  [ 5.10  36.24  58.67  12.00  19.98  68.02 ]         1.03687      0.795646
  151       153      0.739561  [ 5.10  36.24  58.67  12.00  19.98  68.02 ]         1.03687      0.795646
  152       154      0.738085  [ 5.10  36.24  58.67  12.00  19.98  68.02 ]         1.03687      0.795646
  153       155      0.736612  [ 18.86  50.01  31.13  24.77  32.75  42.48 ]         1.85936      0.795646
  154       156      0.735141  [ 18.90  50.04  31.06  37.77  45.75  16.48 ]         1.96127      0.795646
  155       157      0.733674  [ 3.70  34.84  61.46  13.48  21.47  65.05 ]        0.970193      0.795646
  156       158       0.73221  [ 3.70  34.84  61.46  13.48  21.47  65.05 ]        0.970193      0.795646
  157       159      0.730748  [ 3.70  34.84  61.46  13.48  21.47  65.05 ]        0.970193      0.795646
  158       160       0.72929  [ 3.70  34.84  61.46  13.48  21.47  65.05 ]        0.970193      0.795646
  159       161      0.727834  [ 3.70  34.84  61.46  13.48  21.47  65.05 ]        0.970193      0.795646
  160       162      0.726381  [ 6.66  37.80  55.54  28.58  36.57  34.85 ]         1.33608      0.795646
  161       163      0.724931  [ 0.36  31.50  68.14  1.54  9.53  88.93 ]        0.994879      0.795646
  162       164      0.723484  [ 2.10  33.24  64.67  35.19  43.17  21.64 ]         1.30909      0.795646
  163       165       0.72204  [ 16.26  47.40  36.34  3.33  11.32  85.35 ]         1.55648      0.795646
  164       166      0.720599  [ 18.43  49.57  31.99  6.04  14.03  79.93 ]         1.77943      0.795646
  165       167      0.719161  [ 18.70  49.84  31.45  30.78  38.76  30.47 ]         1.94301      0.795646
  166       168      0.717725  [ 10.73  41.87  47.41  38.02  46.00  15.98 ]         1.68224      0.795646
  167       169      0.716293  [ 0.44  31.58  67.99  28.88  36.86  34.26 ]         1.01218      0.795646
  168       170      0.714863  [ 0.44  31.58  67.99  28.88  36.86  34.26 ]         1.01218      0.795646
  169       171      0.713436  [ 0.44  31.58  67.99  28.88  36.86  34.26 ]         1.01218      0.795646
  170       172      0.712012  [ 0.44  31.58  67.99  28.88  36.86  34.26 ]         1.01218      0.795646
  171       173      0.710591  [ 0.44  31.58  67.99  28.88  36.86  34.26 ]         1.01218      0.795646
  172       174      0.709173  [ 0.44  31.58  67.99  28.88  36.86  34.26 ]         1.01218      0.795646
  173       175      0.707757  [ 0.96  32.11  66.93  3.92  11.90  84.18 ]        0.980818      0.795646
  174       176      0.706344  [ 0.96  32.11  66.93  3.92  11.90  84.18 ]        0.980818      0.795646
  175       177      0.704934  [ 5.68  36.82  57.50  14.68  22.66  62.66 ]         1.08615      0.795646
  176       178      0.703527  [ 5.68  36.82  57.50  14.68  22.66  62.66 ]         1.08615      0.795646
  177       179      0.702123  [ 2.85  33.99  63.15  28.52  36.51  34.97 ]         1.17081      0.795646
  178       180      0.700722  [ 12.14  43.29  44.57  22.31  30.30  47.39 ]         1.47358      0.795646
  179       181      0.699323  [ 12.14  43.29  44.57  22.31  30.30  47.39 ]         1.47358      0.795646
  180       182      0.697927  [ 19.26  50.40  30.34  3.56  11.55  84.89 ]         1.83748      0.795646
  181       183      0.696534  [ 19.26  50.40  30.34  3.56  11.55  84.89 ]         1.83748      0.795646
  182       184      0.695144  [ 5.15  36.29  58.56  39.84  47.83  12.33 ]         1.60149      0.795646
  183       185      0.693756  [ 3.62  34.76  61.63  18.05  26.03  55.92 ]        0.942497      0.795646
  184       186      0.692372  [ 3.62  34.76  61.63  18.05  26.03  55.92 ]        0.942497      0.795646
  185       187       0.69099  [ 12.56  43.70  43.73  0.83  8.82  90.35 ]         1.40073      0.795646
  186       188       0.68961  [ 20.48  51.62  27.89  43.91  51.89  4.20 ]         2.12943      0.795646
  187       189      0.688234  [ 2.17  33.31  64.52  24.75  32.73  42.52 ]         1.01727      0.795646
  188       190       0.68686  [ 22.44  53.58  23.97  9.90  17.89  72.21 ]         1.94947      0.795646
  189       191      0.685489  [ 3.16  34.31  62.53  37.21  45.20  17.59 ]         1.41962      0.795646
  190       192      0.684121  [ 3.16  34.31  62.53  37.21  45.20  17.59 ]         1.41962      0.795646
  191       193      0.682755  [ 19.67  50.81  29.52  31.27  39.25  29.47 ]         1.97772      0.795646
  192       194      0.681393  [ 19.67  50.81  29.52  31.27  39.25  29.47 ]         1.97772      0.795646
  193       195      0.680033  [ 19.67  50.81  29.52  31.27  39.25  29.47 ]         1.97772      0.795646
  194       196      0.678675  [ 19.67  50.81  29.52  31.27  39.25  29.47 ]         1.97772      0.795646
  195       197      0.677321  [ 16.66  47.80  35.54  18.84  26.83  54.33 ]         1.78808      0.795646
  196       198      0.675969  [ 0.92  32.06  67.01  17.80  25.79  56.41 ]        0.813242      0.795646
  197       199      0.674619  [ 0.92  32.06  67.01  17.80  25.79  56.41 ]        0.813242      0.795646
  198       200      0.673273  [ 0.92  32.06  67.01  17.80  25.79  56.41 ]        0.813242      0.795646
  199       201      0.671929  [ 0.92  32.06  67.01  17.80  25.79  56.41 ]        0.813242      0.795646
  200       202      0.670588  [ 0.92  32.06  67.01  17.80  25.79  56.41 ]        0.813242      0.795646
  201       203      0.669249  [ 0.92  32.06  67.01  17.80  25.79  56.41 ]        0.813242      0.795646
  202       204      0.667914  [ 0.92  32.06  67.01  17.80  25.79  56.41 ]        0.813242      0.795646
  203       205       0.66658  [ 0.92  32.06  67.01  17.80  25.79  56.41 ]        0.813242      0.795646
  204       206       0.66525  [ 21.85  52.99  25.15  18.75  26.74  54.51 ]         2.03538      0.795646
  205       207      0.663922  [ 31.38  62.52  6.10  3.98  11.96  84.06 ]         2.54081      0.795646
  206       208      0.662597  [ 28.82  59.96  11.22  31.13  39.11  29.76 ]         2.46134      0.795646
  207       209      0.661274  [ 17.85  48.99  33.16  19.80  27.79  52.41 ]         1.79136      0.795646
  208       210      0.659954  [ 2.27  33.41  64.32  33.44  41.42  25.14 ]         1.21658      0.795646
  209       211      0.658637  [ 5.69  36.83  57.48  23.91  31.89  44.19 ]         1.18232      0.795646
  210       212      0.657322  [ 5.04  36.18  58.78  14.85  22.83  62.32 ]        0.969626      0.795646
  211       213       0.65601  [ 5.04  36.18  58.78  14.85  22.83  62.32 ]        0.969626      0.795646
  212       214      0.654701  [ 5.04  36.18  58.78  14.85  22.83  62.32 ]        0.969626      0.795646
  213       215      0.653394  [ 5.04  36.18  58.78  14.85  22.83  62.32 ]        0.969626      0.795646
  214       216       0.65209  [ 15.00  46.14  38.87  22.02  30.00  47.98 ]         1.54893      0.795646
  215       217      0.650789  [ 15.00  46.14  38.87  22.02  30.00  47.98 ]         1.54893      0.795646
  216       218       0.64949  [ 9.39  40.53  50.07  5.39  13.38  81.23 ]         1.23357      0.795646
  217       219      0.648193  [ 9.57  40.71  49.73  11.72  19.70  68.57 ]         1.34862      0.795646
  218       220      0.646899  [ 25.87  57.01  17.12  10.61  18.59  70.81 ]         2.23477      0.795646
  219       221      0.645608  [ 24.27  55.41  20.32  3.95  11.93  84.13 ]         2.10411      0.795646
  220       222      0.644319  [ 2.97  34.11  62.93  32.18  40.16  27.65 ]         1.22427      0.795646
  221       223      0.643033  [ 13.31  44.45  42.24  39.27  47.26  13.47 ]         1.83163      0.795646
  222       224       0.64175  [ 1.18  32.32  66.49  11.85  19.84  68.31 ]        0.840618      0.795646
  223       225      0.640469  [ 1.71  32.85  65.44  2.62  10.60  86.78 ]         1.00184      0.795646
  224       226      0.639191  [ 1.71  32.85  65.44  2.62  10.60  86.78 ]         1.00184      0.795646
  225       227      0.637915  [ 1.71  32.85  65.44  2.62  10.60  86.78 ]         1.00184      0.795646
  226       228      0.636641  [ 4.57  35.71  59.72  14.64  22.63  62.73 ]         1.02632      0.795646
  227       229      0.635371  [ 20.12  51.26  28.63  32.75  40.74  26.51 ]         2.03365      0.795646
  228       230      0.634103  [ 22.47  53.61  23.92  32.00  39.99  28.01 ]         2.12414      0.795646
  229       231      0.632837  [ 10.88  42.02  47.11  42.72  50.70  6.58 ]         1.84105      0.795646
  230       232      0.631574  [ 10.88  42.02  47.11  42.72  50.70  6.58 ]         1.84105      0.795646
  231       233      0.630313  [ 10.88  42.02  47.11  42.72  50.70  6.58 ]         1.84105      0.795646
  232       234      0.629055  [ 12.67  43.81  43.52  14.08  22.06  63.86 ]         1.47642      0.795646
  233       235      0.627799  [ 12.67  43.81  43.52  14.08  22.06  63.86 ]         1.47642      0.795646
  234       236      0.626546  [ 12.67  43.81  43.52  14.08  22.06  63.86 ]         1.47642      0.795646
  235       237      0.625296  [ 28.35  59.49  12.17  29.69  37.68  32.63 ]         2.39903      0.795646
  236       238      0.624048  [ 7.16  38.30  54.54  3.21  11.19  85.59 ]         1.16319      0.795646
  237       239      0.622802  [ 31.44  62.58  5.98  33.62  41.61  24.77 ]          2.5737      0.795646
  238       240      0.621559  [ 4.29  35.43  60.28  35.92  43.90  20.18 ]         1.39802      0.795646
  239       241      0.620318  [ 4.29  35.43  60.28  35.92  43.90  20.18 ]         1.39802      0.795646
  240       242       0.61908  [ 17.19  48.33  34.49  23.12  31.10  45.77 ]         1.79151      0.795646
  241       243      0.617844  [ 17.19  48.33  34.49  23.12  31.10  45.77 ]         1.79151      0.795646
  242       244      0.616611  [ 0.51  31.65  67.84  26.76  34.74  38.50 ]         1.00409      0.795646
  243       245       0.61538  [ 26.00  57.14  16.86  44.02  52.00  3.98 ]         2.37177      0.795646
  244       246      0.614152  [ 23.93  55.07  21.00  4.82  12.80  82.37 ]         2.04653      0.795646
  245       247      0.612926  [ 0.06  31.20  68.75  8.37  16.35  75.28 ]        0.795681      0.795646
  246       248      0.611703  [ 0.06  31.20  68.75  8.37  16.35  75.28 ]        0.795681      0.795646
  247       249      0.610482  [ 6.72  37.86  55.42  38.50  46.48  15.02 ]         1.58543      0.795646
  248       250      0.609263  [ 9.43  40.57  50.00  2.89  10.87  86.24 ]         1.28581      0.795646
  249       251      0.608047  [ 5.15  36.29  58.56  7.80  15.78  76.43 ]         1.05524      0.795646
  250       252      0.606834  [ 5.15  36.29  58.56  7.80  15.78  76.43 ]         1.05524      0.795646
  251       253      0.605622  [ 5.15  36.29  58.56  7.80  15.78  76.43 ]         1.05524      0.795646
  252       254      0.604414  [ 5.15  36.29  58.56  7.80  15.78  76.43 ]         1.05524      0.795646
  253       255      0.603207  [ 5.15  36.29  58.56  7.80  15.78  76.43 ]         1.05524      0.795646
  254       256      0.602003  [ 5.15  36.29  58.56  7.80  15.78  76.43 ]         1.05524      0.795646
  255       257      0.600802  [ 5.15  36.29  58.56  7.80  15.78  76.43 ]         1.05524      0.795646
  256       258      0.599602  [ 10.69  41.83  47.48  33.36  41.34  25.30 ]         1.57046      0.795646
  257       259      0.598405  [ 10.69  41.83  47.48  33.36  41.34  25.30 ]         1.57046      0.795646
  258       260      0.597211  [ 10.69  41.83  47.48  33.36  41.34  25.30 ]         1.57046      0.795646
  259       261      0.596019  [ 23.55  54.69  21.75  5.39  13.38  81.23 ]         2.06691      0.795646
  260       262      0.594829  [ 13.09  44.23  42.68  3.22  11.20  85.58 ]         1.42182      0.795646
  261       263      0.593642  [ 19.44  50.58  29.98  19.70  27.69  52.61 ]         1.87293      0.795646
  262       264      0.592457  [ 33.03  64.17  2.81  11.45  19.44  69.11 ]         2.62869      0.795646
  263       265      0.591275  [ 12.13  43.27  44.61  19.56  27.54  52.89 ]         1.48548      0.795646
  264       266      0.590094  [ 12.13  43.27  44.61  19.56  27.54  52.89 ]         1.48548      0.795646
  265       267      0.588917  [ 12.13  43.27  44.61  19.56  27.54  52.89 ]         1.48548      0.795646
  266       268      0.587741  [ 12.13  43.27  44.61  19.56  27.54  52.89 ]         1.48548      0.795646
  267       269      0.586568  [ 12.13  43.27  44.61  19.56  27.54  52.89 ]         1.48548      0.795646
  268       270      0.585397  [ 14.99  46.13  38.87  13.71  21.69  64.60 ]         1.58169      0.795646
  269       271      0.584229  [ 3.60  34.74  61.65  5.88  13.86  80.27 ]        0.991137      0.795646
  270       272      0.583063  [ 3.60  34.74  61.65  5.88  13.86  80.27 ]        0.991137      0.795646
  271       273      0.581899  [ 3.60  34.74  61.65  5.88  13.86  80.27 ]        0.991137      0.795646
  272       274      0.580737  [ 3.60  34.74  61.65  5.88  13.86  80.27 ]        0.991137      0.795646
  273       275      0.579578  [ 3.60  34.74  61.65  5.88  13.86  80.27 ]        0.991137      0.795646
  274       276      0.578421  [ 3.60  34.74  61.65  5.88  13.86  80.27 ]        0.991137      0.795646
  275       277      0.577267  [ 3.60  34.74  61.65  5.88  13.86  80.27 ]        0.991137      0.795646
  276       278      0.576115  [ 3.60  34.74  61.65  5.88  13.86  80.27 ]        0.991137      0.795646
  277       279      0.574965  [ 11.24  42.39  46.37  10.47  18.45  71.08 ]          1.3455      0.795646
  278       280      0.573817  [ 11.24  42.39  46.37  10.47  18.45  71.08 ]          1.3455      0.795646
  279       281      0.572672  [ 1.67  32.81  65.51  29.88  37.86  32.27 ]         1.16972      0.795646
  280       282      0.571529  [ 1.67  32.81  65.51  29.88  37.86  32.27 ]         1.16972      0.795646
  281       283      0.570388  [ 6.80  37.94  55.26  9.36  17.34  73.30 ]         1.16715      0.795646
  282       284      0.569249  [ 6.80  37.94  55.26  9.36  17.34  73.30 ]         1.16715      0.795646
  283       285      0.568113  [ 6.80  37.94  55.26  9.36  17.34  73.30 ]         1.16715      0.795646
  284       286      0.566979  [ 6.80  37.94  55.26  9.36  17.34  73.30 ]         1.16715      0.795646
  285       287      0.565847  [ 6.80  37.94  55.26  9.36  17.34  73.30 ]         1.16715      0.795646
  286       288      0.564718  [ 6.80  37.94  55.26  9.36  17.34  73.30 ]         1.16715      0.795646
  287       289      0.563591  [ 6.80  37.94  55.26  9.36  17.34  73.30 ]         1.16715      0.795646
  288       290      0.562466  [ 6.80  37.94  55.26  9.36  17.34  73.30 ]         1.16715      0.795646
  289       291      0.561343  [ 25.48  56.63  17.89  13.11  21.09  65.80 ]         2.19432      0.795646
  290       292      0.560223  [ 16.27  47.41  36.33  41.31  49.30  9.39 ]         1.98729      0.795646
  291       293      0.559105  [ 16.27  47.41  36.33  41.31  49.30  9.39 ]         1.98729      0.795646
  292       294      0.557989  [ 23.59  54.73  21.67  27.39  35.37  37.24 ]         2.14424      0.795646
  293       295      0.556875  [ 12.80  43.94  43.27  34.52  42.50  22.99 ]         1.68693      0.795646
  294       296      0.555763  [ 16.43  47.57  35.99  20.36  28.34  51.30 ]         1.74954      0.795646
  295       297      0.554654  [ 18.43  49.58  31.99  26.90  34.88  38.22 ]         1.88123      0.795646
  296       298      0.553547  [ 14.66  45.80  39.53  45.69  53.68  0.63 ]         1.96114      0.795646
  297       299      0.552442  [ 15.12  46.26  38.62  29.73  37.72  32.55 ]         1.75323      0.795646
  298       300      0.551339  [ 15.12  46.26  38.62  29.73  37.72  32.55 ]         1.75323      0.795646
  299       301      0.550239  [ 9.58  40.73  49.69  4.49  12.47  83.04 ]         1.25539      0.795646
  300       302      0.549141  [ 9.58  40.73  49.69  4.49  12.47  83.04 ]         1.25539      0.795646
  301       303      0.548044  [ 9.58  40.73  49.69  4.49  12.47  83.04 ]         1.25539      0.795646
  302       304      0.546951  [ 9.58  40.73  49.69  4.49  12.47  83.04 ]         1.25539      0.795646
  303       305      0.545859  [ 9.58  40.73  49.69  4.49  12.47  83.04 ]         1.25539      0.795646
  304       306      0.544769  [ 18.49  49.63  31.88  34.58  42.57  22.85 ]         1.96662      0.795646
  305       307      0.543682  [ 25.96  57.10  16.94  8.93  16.91  74.16 ]         2.18413      0.795646
  306       308      0.542597  [ 25.96  57.10  16.94  8.93  16.91  74.16 ]         2.18413      0.795646
  307       309      0.541514  [ 25.96  57.10  16.94  8.93  16.91  74.16 ]         2.18413      0.795646
  308       310      0.540433  [ 6.35  37.49  56.15  21.13  29.11  49.76 ]         1.17757      0.795646
  309       311      0.539354  [ 28.58  59.72  11.70  18.41  26.39  55.21 ]         2.38707      0.795646
  310       312      0.538278  [ 16.05  47.19  36.76  13.99  21.97  64.04 ]         1.67895      0.795646
  311       313      0.537203  [ 16.05  47.19  36.76  13.99  21.97  64.04 ]         1.67895      0.795646
  312       314      0.536131  [ 11.15  42.29  46.56  36.57  44.55  18.88 ]         1.75421      0.795646
  313       315      0.535061  [ 11.15  42.29  46.56  36.57  44.55  18.88 ]         1.75421      0.795646
  314       316      0.533993  [ 11.15  42.29  46.56  36.57  44.55  18.88 ]         1.75421      0.795646
  315       317      0.532927  [ 3.42  34.56  62.02  32.65  40.64  26.71 ]         1.33383      0.795646
  316       318      0.531863  [ 3.42  34.56  62.02  32.65  40.64  26.71 ]         1.33383      0.795646
  317       319      0.530802  [ 3.42  34.56  62.02  32.65  40.64  26.71 ]         1.33383      0.795646
  318       320      0.529742  [ 3.42  34.56  62.02  32.65  40.64  26.71 ]         1.33383      0.795646
  319       321      0.528685  [ 2.13  33.27  64.60  13.38  21.36  65.25 ]        0.887206      0.795646
  320       322       0.52763  [ 2.13  33.27  64.60  13.38  21.36  65.25 ]        0.887206      0.795646
  321       323      0.526576  [ 11.63  42.77  45.60  24.14  32.12  43.75 ]         1.49727      0.795646
  322       324      0.525525  [ 11.63  42.77  45.60  24.14  32.12  43.75 ]         1.49727      0.795646
  323       325      0.524476  [ 3.86  35.00  61.15  37.74  45.72  16.53 ]         1.45794      0.795646
  324       326       0.52343  [ 13.07  44.21  42.73  15.65  23.63  60.73 ]         1.52728      0.795646
  325       327      0.522385  [ 3.78  34.92  61.30  16.15  24.14  59.71 ]        0.973309      0.795646
  326       328      0.521342  [ 3.78  34.92  61.30  16.15  24.14  59.71 ]        0.973309      0.795646
  327       329      0.520301  [ 3.78  34.92  61.30  16.15  24.14  59.71 ]        0.973309      0.795646
  328       330      0.519263  [ 12.79  43.93  43.29  9.77  17.76  72.47 ]         1.40072      0.795646
  329       331      0.518226  [ 12.79  43.93  43.29  9.77  17.76  72.47 ]         1.40072      0.795646
  330       332      0.517192  [ 12.79  43.93  43.29  9.77  17.76  72.47 ]         1.40072      0.795646
  331       333       0.51616  [ 26.07  57.21  16.71  8.94  16.92  74.14 ]         2.24245      0.795646
  332       334       0.51513  [ 15.77  46.91  37.31  35.89  43.87  20.25 ]         1.84881      0.795646
  333       335      0.514101  [ 0.76  31.91  67.33  13.80  21.79  64.41 ]        0.794769      0.794769
  334       336      0.513075  [ 0.76  31.91  67.33  13.80  21.79  64.41 ]        0.794769      0.794769
  335       337      0.512051  [ 0.76  31.91  67.33  13.80  21.79  64.41 ]        0.794769      0.794769
  336       338      0.511029  [ 0.76  31.91  67.33  13.80  21.79  64.41 ]        0.794769      0.794769
  337       339      0.510009  [ 0.76  31.91  67.33  13.80  21.79  64.41 ]        0.794769      0.794769
  338       340      0.508991  [ 0.76  31.91  67.33  13.80  21.79  64.41 ]        0.794769      0.794769
  339       341      0.507975  [ 0.76  31.91  67.33  13.80  21.79  64.41 ]        0.794769      0.794769
  340       342      0.506961  [ 0.76  31.91  67.33  13.80  21.79  64.41 ]        0.794769      0.794769
  341       343      0.505949  [ 0.22  31.36  68.43  9.42  17.40  73.18 ]        0.783644      0.783644
  342       344      0.504939  [ 0.22  31.36  68.43  9.42  17.40  73.18 ]        0.783644      0.783644
  343       345      0.503932  [ 0.22  31.36  68.43  9.42  17.40  73.18 ]        0.783644      0.783644
  344       346      0.502926  [ 6.82  37.97  55.21  7.46  15.44  77.10 ]         1.10385      0.783644
  345       347      0.501922  [ 3.78  34.92  61.29  17.48  25.47  57.05 ]        0.919455      0.783644
  346       348       0.50092  [ 3.78  34.92  61.29  17.48  25.47  57.05 ]        0.919455      0.783644
